0,1,2,3,4,5,6,7,8,9,10,11,12,13,14,15,16,17,18,19,20,21,22,23,24,25,26,27,28,29,30,31,32,33,34,35,36,37,38,39,40,41,42,43,44,45,46,47,48,49,50,51,52,53,54,55,56,57,58,59,60,61,62,63,64,65,66,67,68,69,70,71,72,73,74,75,76,77,78,79
1.0,0.016429391449772037,0.002120251877000708,0.0097377808543501,0.062076535847982145,0.0008154521304876247,0.0020522470613460776,0.00800170705261135,0.026537877959314685,0.001203901159817462,0.012215094275704717,0.024292347034482492,0.007227900879156881,0.0007591680984129571,0.00638001802554612,0.009583218440209037,0.009435027911799426,0.022661086474788015,0.10651360881035579,0.005403708663601912,0.05827377674927072,0.002368834953322367,0.008721022161122534,0.021264964629936187,0.055064356176910516,0.011694931308529902,0.011170004986638232,0.08729588065158461,0.012099274636362532,0.016679132739039742,0.004054044677198132,0.030489518398044646,0.002530901541507299,0.11559844546699458,0.1086310795473169,0.023806217924713834,0.009492482330499968,0.00820225076890646,0.007641004550184538,0.0035583984882592646,0.018481542788043294,0.0013080978289250187,9.284764966131608e-05,0.04175780246845084,0.013400908044964188,0.003476061431850983,0.02341144526045091,0.0006978649063774378,0.0010387484107423836,8.498468693835995e-05,0.0054183160307865194,0.008393130411019526,0.03447076542654524,0.011588592625415884,0.06983739677624938,0.06500719853545112,0.013693028519217717,0.010414050342235793,0.008654079464516334,0.03209559274699132,0.032010888895061915,0.14103758439169273,0.014345407193044302,0.0019845653339711656,0.007363654347236867,0.2693478223747669,0.02293952837511199,0.029027344826953287,0.01733530914515583,0.008729947211934676,0.0030205935206814175,0.013046170556463314,0.0035810262729312854,0.007504074967285655,0.011390267853045241,0.009546471207170929,0.019803937117332242,0.03407413569181787,0.12352119356824405,0.005212251496516091
0.016429391449772037,1.0,0.21251815243867206,0.2750723308028761,0.05378249499055181,0.0207339254927414,0.005742466889876027,0.11327443113760986,0.07255994849447953,0.18467063819824048,0.09999404110416034,0.06385780500647391,0.08492043815579378,0.003869225395632255,0.05316010904378651,0.004132532969079644,0.04940239335953966,0.032247177947733685,0.0010454523993359828,0.008631430553764202,0.022298617552389197,0.003929880033244507,0.0010048761862522955,0.0689178088529276,0.011975591032736469,0.014377419610126842,0.0004803243768742876,0.0005055063589714535,0.004067622072335843,0.004002421599709951,1.1922238666554702e-05,0.02466704378448486,0.01168461587097988,0.011836012414181644,0.028093705138511952,0.059348798744428576,0.0061859718096612445,0.04578176379756557,0.0500476745480575,0.04168227082990408,0.07125755570203901,0.001949231152205533,0.021521549655924475,0.008062137345874467,0.000972679629379542,0.03688637212487771,0.002389604514066314,0.1650243866655948,0.038993139491779814,0.018920303055775602,0.0022275161601026097,0.027590120325884565,0.025713679140366246,0.1627619358292089,0.12140264402609469,0.1545951999217408,0.0013275404676917335,0.002947783897215205,5.347620196396838e-05,0.0302880030964844,0.0008189964607511583,0.005805900647218372,0.3428758391228271,0.030523714753306726,0.06436092046310213,0.03885265915188804,0.04568040021281743,0.021426389230150725,0.3018950377574178,0.000614990248833928,0.03477771032610599,0.030715135308121852,0.0005395071316473178,0.05434621106155107,0.8213853988516607,0.01000838436686428,0.07007512091480604,0.028021907358591884,0.008350034592055081,0.21234426802487658
0.002120251877000708,0.21251815243867206,1.0,0.26305257698574114,0.0015232585867203147,0.15525574489545152,0.006305380495770302,0.0052207918826348105,0.13263431888984306,0.22315359656684888,0.1880183139252064,0.05281878942390208,0.0928476369940806,0.0037839278076678166,0.2785575203887065,0.0007113861605911385,0.19491650092338142,0.19361520254042966,0.0007135632874341426,0.020645538907779065,0.02133486945074595,0.005785000958433942,0.0019333230843203392,0.08607095444161891,0.007879840109462204,0.1092547854284096,0.0037005426469305168,0.00048350248189939937,0.01260279876944687,0.0015137424084334659,0.0007883644544104706,0.003090142903759233,0.13078367492061954,0.007965860640853481,0.021520904690639716,0.09502063816127775,0.0029033837315032393,0.04244271101661689,0.026967563867856266,0.014114534361419613,0.36658663855936136,0.01977972342750645,0.015231271835135675,0.0009488354161216467,0.004386007786675675,0.08529709713886746,0.02168138786507726,0.24716690562311858,0.01911274910745516,0.008689510593883796,0.0016054544816485102,0.20418879132355827,0.0034776691637512297,0.025718473384244118,0.21697716062582442,0.012630117585754951,0.001449254504133291,0.0008619034102932299,0.0027181562503113834,0.0019592912497132763,0.00015861110062253793,0.00871931180316701,0.015358711241511244,0.05065862923006836,0.3158734266344337,0.01742170044295679,0.09868248580836837,0.020123949298327427,0.059666571012939665,0.00048568149987971804,0.019252008394305846,0.028971077507337076,0.0029712138797969106,0.045624769560998917,0.17526079294810853,0.03534209214630572,0.009302527811628951,0.03340728124111203,0.003164466920565727,0.31955669889087995
0.0097377808543501,0.2750723308028761,0.26305257698574114,1.0,0.008675486144297043,0.0237027503480816,0.004195913958768849,0.05546389145772167,0.023474846392372906,0.06978529061392014,0.01341019575903979,0.04288637610095103,0.044362254316741526,0.00040611488784888323,0.1678613733614464,0.004826705633440853,0.14491137865760328,0.08145258232663521,0.015994779093505218,0.010067771386710719,0.01465671869606817,0.0072648399313541365,0.0090080760579802,0.05043128287273757,0.039813360865400875,0.013858326907439308,0.00018353752806194446,8.159800556518159e-05,0.0004925178894496429,0.0008671937225189761,0.0026913072188026765,0.018096259823115815,0.01226347501078283,0.0010603991368070818,0.016160694007500746,0.0573666888993616,0.0018487940479889509,0.02222372556350416,0.013470034241363638,0.0064561772163009125,0.055069399324552425,0.001187929736076357,0.012503698999503222,0.0021036917350227323,0.0005826279709515511,0.09565980858636056,0.0009593431285864007,0.1270215716302128,0.06457492849693884,0.04855554372140477,0.015247804560295276,0.04175508270290887,0.014334792103298796,0.03475908588335631,0.41896322581081735,0.03906348781190698,0.0006350915273264665,0.0018091963131227125,0.008576789678239168,0.024243605904037055,0.00019784999813584266,0.0012438834027456444,0.16874049518410683,0.010472816185818594,0.159817193536029,0.009191126543933276,0.019022021693507987,0.006150155631166016,0.05475391047237503,0.0065196944127443755,0.019946700719124858,0.012662386324161347,0.002458423658640862,0.009089035482247753,0.3250412543811692,0.01628008133551561,0.00987510871235146,0.010704419496544111,0.009846507012650295,0.4801405052848584
0.062076535847982145,0.05378249499055181,0.0015232585867203147,0.008675486144297043,1.0,0.02392811630973333,0.038335096391412145,0.17530959265702,0.030319709666108113,0.06119035041449228,0.05263603210269381,0.11109863955900985,0.013567428954337034,0.05852239085508701,0.001710478249880886,0.11942432387142322,0.001977431803101896,0.011280705895346266,0.03232433289443146,0.023774505966823553,0.07874217039383291,0.03265690509950118,0.07903999443256532,0.02239815895485743,0.001551974906483429,0.057523737770873995,0.037437572815100795,0.10967428896113199,0.08980710426103622,0.010086186994107318,0.008236282908481203,0.1038911381535152,0.016503385087800904,0.11591427420297408,0.2626180524465795,0.005237812252413001,0.35029002293897227,0.024611327895738368,0.04937553777759747,0.15879036119107445,0.028393857369963176,0.021226313692388914,0.000619726206180365,0.1613130828065315,0.03133532403068095,0.025742987745584492,0.05276333276874466,0.004230993234260014,0.038008481402785864,0.00837667509644804,0.04103189179765941,0.006522423138748264,0.38920532549452086,0.17398551775191218,0.021486141016686253,0.33040248472479244,0.10318515914549518,0.033175765188760746,0.002638731968975734,0.08731024792369668,0.08308051767379226,0.19819688874278588,0.0030902683301568625,0.011275689157808457,0.01969416198941272,0.31476842182613485,0.08076074103697277,0.030624987880553723,0.15587821305520064,0.019603512390862058,0.0935775225552453,0.07415464572495796,0.003684927816058954,0.06280149840769803,0.16542886111346047,0.0472812840419902,0.03049680435726412,0.0019084768382462442,0.04092899185866569,0.03634851849229073
0.0008154521304876247,0.0207339254927414,0.15525574489545152,0.0237027503480816,0.02392811630973333,1.0,0.3853315552906662,0.0946175059133279,0.1884489011037268,0.2395773622932421,0.26716590400280804,0.32485332377752646,0.025393678190582056,0.06837930785178563,0.13511389790212752,0.02506062122106288,0.0822027736508079,0.3438297062328573,0.0020815090331088625,0.36448234722758144,0.02741781142300111,0.2733656217043783,0.020452630980122052,0.12082216373667405,0.005756267063526205,0.8027661748182935,0.035526058485910776,0.002764057764643765,0.2125272373813699,0.01313081209300667,0.06852478210299635,0.0820663423666821,0.09219075716901495,0.047648948325277586,0.19028947513567915,0.02584084555190985,0.040676409295862755,0.066448987940833,0.2370289464540022,0.033095329555519255,0.1349363620556394,0.1507922008910621,0.00033082523780549896,0.12090433329904536,0.03120857134698367,0.49329541893501117,0.24422345486000757,0.23467994510280119,0.007795830682686291,0.06440314188873635,0.003512666307297636,0.3462622166346791,0.009219041161358575,0.06735815408741522,0.23597680395584752,0.03229950788325724,0.0223439659644719,0.029806098680323453,0.006747403805023413,0.05771706141285011,0.05831356203168207,0.029416963347329583,0.014638787987600311,0.01075943034756702,0.17884900654629812,0.09708210340570396,0.48341496275857737,0.03194854452995282,0.16149510572830353,0.023132586332461832,0.06353646197238902,0.07266019844927434,0.029746319101963292,0.01333538826045244,0.029259980240793255,0.5499964535486198,0.04480608969158829,0.0315240013560494,0.014488692199917901,0.41109972698774844
0.0020522470613460776,0.005742466889876027,0.006305380495770302,0.004195913958768849,0.038335096391412145,0.3853315552906662,1.0,0.06458076477684366,0.03758800409229884,0.11603247727162383,0.07644606574740012,0.1443920316107821,0.05845691653044229,0.16320691247937302,0.030309291102621295,0.022665966598623685,0.07348660836133093,0.1121587829741369,0.00022270123506193423,0.35956043344794697,0.05219123117265485,0.5716357138687621,0.04494522992368604,0.024342571891392342,0.0008988452620677153,0.4457606986712386,0.261709143493364,0.013380935085902584,0.3022514265319037,0.0013707869783258658,0.10938224023555444,0.03450461390533023,0.08394666675696923,0.015343113110214798,0.20858140473708225,0.002986818737404466,0.08513021429796074,0.25852833659888597,0.3528877397398006,0.04422269877798959,0.002948027865678782,0.7142371133747002,0.008896914252237093,0.14730033107214197,0.11578400480953528,0.28143840733681347,0.11013504284604585,0.14361240860933394,0.0004261478244953425,0.0907006917619882,0.008109546238123246,0.02255712132863497,0.030982194557435307,0.03715087502912711,0.04700683005514779,0.017166880334134695,0.03259423746159431,0.071378474053624,0.06179169005442773,0.0689234107248046,0.05829636524261092,0.01188671074573666,0.007200550928966055,0.04200117937016746,0.020866360147278412,0.059813607943098826,0.3087678498012363,0.08164059402601816,0.08230365654198143,0.09089281007951215,0.14340191229249521,0.2172104422138657,0.13201584300205027,0.0023761253905205523,0.01107904290954539,0.47044192300832754,0.06313295352053341,0.003619937977975746,0.008361182125297061,0.13439685634953175
0.00800170705261135,0.11327443113760986,0.0052207918826348105,0.05546389145772167,0.17530959265702,0.0946175059133279,0.06458076477684366,1.0,0.01000452114586894,0.16091987962269355,0.08429436601173355,0.13192407213983504,0.08725617886033182,0.3700997918352652,0.007239866538423153,0.3164224256713116,0.000260810035585072,0.019709263594981083,0.005071580703500288,0.08133621140298417,0.12484255151037363,0.08972924613376375,0.014406438463375514,0.1033127347298781,5.245053318481972e-05,0.059314362930384265,0.02176866011763775,0.013024074778876495,0.05598468599570898,0.02488015550398111,0.0576941305890494,0.33551414475343405,0.03564667510160645,0.012600114968355138,0.06984432783699922,0.01264462429365132,0.05490221098026732,0.05184291778505224,0.13222715563959012,0.2635838363514229,0.04914300583008716,0.015086193122824469,0.0840444879789259,0.39146475968493205,0.06710247272828217,0.20744972889851412,0.03107350866352087,0.022031979457695583,0.003110762497471543,0.07142949662259657,0.003840049463102238,0.009021344383522692,0.09281212841829932,0.42930279984812597,0.08493054375811067,0.06086958918188288,0.1597850952564677,0.046439490676731615,0.0014416757186063774,0.06418936311708218,0.1477589241348946,0.010678558849491395,0.19557477469305298,0.07875592685763017,0.01921109709963253,0.09895210552771673,0.12280653566826708,0.15607182143927617,0.5808205982225482,0.0006407081496256095,0.6445359384857319,0.25082330376964757,0.011621720134833985,0.11446275747221785,0.1318180728914835,0.1329694348099865,0.07041677932774783,0.0011634020095657822,0.0878634053931339,0.17762060651644454
0.026537877959314685,0.07255994849447953,0.13263431888984306,0.023474846392372906,0.030319709666108113,0.1884489011037268,0.03758800409229884,0.01000452114586894,1.0,0.10761625494680628,0.18683941637940915,0.08043739373358758,0.032871666893261105,0.018764426288682995,0.03476301676645371,0.008394188861104556,0.07492668638642576,0.06411682150213559,0.00014143014831867747,0.016259529691545455,0.03189912424875754,0.003279865557608568,0.0033629762543325187,0.012430091706448008,0.008577138385207104,0.2287921524216005,0.03247335054353728,0.021246828011197018,0.04131691893195065,0.015427338698755075,0.0004057416704279388,0.005004104386403176,0.02709095312462451,0.30846493267212527,0.1510175859451129,0.009513343774181105,0.00932862127952795,0.09755722016072137,0.29447218266517267,0.0328637807765714,0.07141112065532111,0.17411850728013442,0.0073772098351297995,0.08957451035230243,0.0446255964598445,0.018356332520115155,0.3202736845254016,0.36728299931857256,0.015162168497323013,0.022577642272878687,0.010196205906068663,0.51797460913411,0.017140160416680976,0.056595844271727154,0.03064725951800964,0.0950999045635636,0.0012513414006497631,0.02337682827074333,0.004429007330723266,0.08976547792873397,0.016276846383581147,0.04500735880295417,0.025914217440938768,0.011268933055244842,0.11059580982071639,0.16082921873892378,0.20883691498476442,0.06669168731161887,0.07773189605695226,0.005653474807485045,0.010487875374722639,0.05302137760498179,0.009610014554252956,0.040053648809384446,0.05757511505455551,0.026009655048898867,0.2205496035761032,0.3171103263333979,0.006887640457403644,0.034186422409623336
0.001203901159817462,0.18467063819824048,0.22315359656684888,0.06978529061392014,0.06119035041449228,0.2395773622932421,0.11603247727162383,0.16091987962269355,0.10761625494680628,1.0,0.42398478351938734,0.06872694209659382,0.050163547694135655,0.026268159940085384,0.11024811897649259,0.005356665118262952,0.006521960474447462,0.10731290158221221,0.000400228082689768,0.3161355970689128,0.028147411789603494,0.17647425844778716,0.036592629299205835,0.01199411371222449,6.19395517714809e-05,0.213712782553715,0.031178912271869474,0.0002839868654270038,0.31663270860139914,0.002009525176948764,0.03239543098817897,0.07490905346045615,0.19419510325059886,0.006761622636159897,0.10174789228647181,0.003634363070845008,0.25568486848996574,0.010360694472626757,0.14894911179298131,0.48752800422484205,0.06670429193844667,0.027991958296221975,0.04770875009232233,0.062101203771843576,0.01391637292800738,0.3677396678235759,0.10291378682796974,0.27994379134255665,0.00038677794967584294,0.28337534935810554,0.015162202859620975,0.08093185792152426,0.02081454238013198,0.3106119149610438,0.05053082555653714,0.10255160594320868,0.07757492898662542,0.04536795691528803,0.00022569672330421912,0.04016188042804769,0.048667452025967756,0.0628969929845217,0.06350021671320459,0.017207904122440425,0.13902345245777117,0.10177757601769508,0.20386017873208642,0.009729422719669211,0.27281553636102307,0.02399869918532428,0.1333542551297392,0.03462955505153803,0.005786975525338392,0.10418738005831071,0.15204712839488513,0.262820465861885,0.10103822709275766,0.004161007635651445,0.0043017044192569,0.2860754780374684
0.012215094275704717,0.09999404110416034,0.1880183139252064,0.01341019575903979,0.05263603210269381,0.26716590400280804,0.07644606574740012,0.08429436601173355,0.18683941637940915,0.42398478351938734,1.0,0.08576306795596428,0.09028726408020996,0.03958452025346536,0.046386123338093437,0.04265942764332426,0.011870414477865061,0.06293832790859932,0.0009477132636475076,0.118137574569717,0.08652381591770593,0.04176901591165763,0.004481051039308955,0.18703452171994678,0.0016443517979458878,0.21510246707818442,0.11168715258873124,0.006632543416708159,0.2287980729762967,0.01663408089342117,0.014326302871851921,0.11486146349179888,0.09611962612631293,0.09878351862753439,0.10079842645048213,0.05771293943543069,0.051963241589809646,0.04017207536446875,0.22707274295822547,0.09545283943311386,0.0936746360353321,0.12536215553500402,0.01596199674031955,0.11093564203899131,0.08405757856127238,0.09192091093350588,0.4487206505733528,0.1323957668512651,0.000804279244122199,0.019096994063897758,0.0034224066760180885,0.11706098858926126,0.0410534791184788,0.32431553651148826,0.03305820455980084,0.16234777658326116,0.04754839705066494,0.04357369854854551,0.0011990560852459203,0.026672967692517487,0.09697864101086193,0.2255795254762685,0.04282829115825533,0.027908805298144372,0.09973481739222323,0.22996190453036927,0.20500282677558251,0.13859961692382572,0.3926989390545626,0.009948256556793688,0.09620512212118289,0.1347335214556897,0.00880233867121932,0.1916674784673119,0.058355758551341425,0.0971041116243213,0.14646171595195825,0.014477781371021896,0.01852235501709288,0.10584052719483285
0.024292347034482492,0.06385780500647391,0.05281878942390208,0.04288637610095103,0.11109863955900985,0.32485332377752646,0.1443920316107821,0.13192407213983504,0.08043739373358758,0.06872694209659382,0.08576306795596428,1.0,0.030021668357754727,0.09967596122663208,0.10913105984742338,0.011282164888213882,0.1277787764483707,0.1829641979465379,0.019473045958583096,0.039472138899473444,0.01936485604175584,0.03240238758673531,0.003908107628124926,0.0011006979865170615,0.015922514530795115,0.18823881449857277,0.009733386341588731,0.009726155287694665,0.03417238839936702,0.0012294319828205886,0.016832923616917825,0.028280797691788942,0.007868108038825797,0.11378300258507125,0.22763105787726606,0.0017507037710118953,0.011993984412676703,0.11004376263617685,0.12606904071699254,0.009698127630954581,0.0301180594167312,0.03393206937369363,1.2801406288120495e-05,0.07999196372730298,0.006194738309964764,0.0725364062868424,0.03755779269920332,0.06479629694596298,0.040110662715523084,0.004796216864343251,0.0033293783568691345,0.051560781527884146,0.025913146399788867,0.03924422377274873,0.33089229382986163,0.04531472720695148,0.004989323212372784,0.014044515328686743,0.004695369360388344,0.012631502461672137,0.017419673420348596,0.027446586616806608,0.04731303286708439,0.005133099018427007,0.04026150370636066,0.10638050978773549,0.36416661668433303,0.05292293419665218,0.31092154673495714,0.010337471134118481,0.07477176279192328,0.14276553238228656,0.0077010305134322735,0.006319321104518529,0.1346205773195997,0.05707946958247989,0.020086770324604097,0.05395174130772619,0.03010340705399671,0.2633022559460952
0.007227900879156881,0.08492043815579378,0.0928476369940806,0.044362254316741526,0.013567428954337034,0.025393678190582056,0.05845691653044229,0.08725617886033182,0.032871666893261105,0.050163547694135655,0.09028726408020996,0.030021668357754727,1.0,0.11618475390863595,0.12286030182042262,0.04078653716565739,0.059168046858699655,0.08803222602458503,0.00041232173366771534,0.01955375826145887,0.5142661121861543,0.04997232027200692,0.02374823680510166,0.12929944100943522,0.0001983121133031837,0.03148507067089719,0.05621956682975074,0.0013201759266253115,0.025197433768293094,0.037331688962261966,0.008067568119036113,0.039159554383696026,0.10138482679490306,0.005450249539385643,0.05714281517965854,0.21474600148141015,0.04930253120452924,0.07109942477501424,0.014319491416014875,0.05989673626184714,0.06872119533223463,0.04535199323331812,0.099033275773904,0.044100704403054,0.029721959480006676,0.03712623989447967,0.006801416927921768,0.015878584405002064,0.018080080042633995,0.03090110342978767,0.013430874036761208,0.011660575108386447,0.0626118859366893,0.09467823359759972,0.04025176359856177,0.04891501943667155,0.11703879800972283,0.02643051755292109,0.0005480868215947982,0.01949346816925538,0.025881943186358662,0.03300629936956299,0.1780755038976263,0.055614306702745614,0.06313275285285345,0.04995115590433325,0.08102505805877432,0.23394065962633273,0.07619208494248285,0.011705634738334112,0.25115301374533333,0.2470473561812285,0.009386767492291894,0.09824632999161548,0.04050642312461672,0.023228704529756516,0.018817559139435905,0.06021036216948758,0.04882559140199502,0.04416504773488394
0.0007591680984129571,0.003869225395632255,0.0037839278076678166,0.00040611488784888323,0.05852239085508701,0.06837930785178563,0.16320691247937302,0.3700997918352652,0.018764426288682995,0.026268159940085384,0.03958452025346536,0.09967596122663208,0.11618475390863595,1.0,0.006171229778231028,0.4646210710374774,0.006781684020908974,0.021700702164170364,0.0016136741461496087,0.036820210009822114,0.3045561736217942,0.08732816609085246,0.006815418858305194,0.03302639960399495,0.0006095427221853072,0.06388943571509331,0.0763102355615224,0.015172542534864683,0.0409583574495663,0.05771219543012264,0.039204034044442705,0.07122834063413329,0.027534898323148954,0.005441251717308633,0.08140284404666674,0.017684375555842076,0.023607312699869938,0.2392434111055148,0.17200165204616807,0.038952941854146925,0.013082262265878063,0.11188624977964445,0.03090047405445085,0.4934008501951792,0.2584042053036504,0.05797301186319144,0.02048183549339943,0.03996291444169698,0.0013066266837374132,0.00698861653169113,0.001061504959809585,0.02734360737062611,0.08782191563511907,0.08411677298986618,0.03077168281008503,0.017885474161868895,0.09131169523436246,0.06016306937243687,0.016839414242002176,0.15528804217222397,0.09297507258409958,0.0043066596205017585,0.022971911735024345,0.06864621788460462,0.004585324758713687,0.04903765076415229,0.12284562850068201,0.5711734907657299,0.14958033715602742,0.001955555449129857,0.581219934116833,0.6109577776794671,0.03888636111269925,0.024549419017715266,0.011182830126695813,0.07264401416234961,0.05593725180963516,0.008876521805013485,0.20914885147703283,0.030775462842185818
0.00638001802554612,0.05316010904378651,0.2785575203887065,0.1678613733614464,0.001710478249880886,0.13511389790212752,0.030309291102621295,0.007239866538423153,0.03476301676645371,0.11024811897649259,0.046386123338093437,0.10913105984742338,0.12286030182042262,0.006171229778231028,1.0,0.0010248056904428595,0.0318182894153335,0.749808119281303,0.00930722441403547,0.19834113002640216,0.05269262368381619,0.05300861723434526,0.015629397597697554,0.10629842722628137,0.0026390403301291584,0.14891144880509727,0.016670708830324416,0.000239448744057296,0.1414550006659863,0.0046880798606224895,0.09896368237039943,0.046304009057055395,0.15098101950050744,0.001267788585385431,0.08981884353403422,0.22460219144949461,0.03740749372874436,0.002101029295789288,0.008900570480137527,0.02682702646302866,0.19463929743308642,0.005624442557186509,0.004362093858663302,0.0055115351995627644,0.0018071502985116353,0.12951377242960815,0.02701423159806469,0.04619234312937956,0.038662120560172014,0.09065831349450827,0.006278793788737921,0.04097493320487629,0.002046687303281072,0.01948351499360093,0.26308053580883434,0.01668017410123975,0.03575139302854757,0.010066691820238161,0.0035169135447660014,0.0035837733198799218,0.02260225976250152,0.024537164488234186,0.08263832899850075,0.010746268832976916,0.2898860239903918,0.025806235079160467,0.26239914467924347,0.012154529686514726,0.02842706150853077,0.03468583734402605,0.011206008257907773,0.019891749686202175,0.005731937073570303,0.01563259711956285,0.0395190543685888,0.10050217376268272,0.003881481538247452,0.042677351530220065,0.006403208188206999,0.15724608924966366
0.009583218440209037,0.004132532969079644,0.0007113861605911385,0.004826705633440853,0.11942432387142322,0.02506062122106288,0.022665966598623685,0.3164224256713116,0.008394188861104556,0.005356665118262952,0.04265942764332426,0.011282164888213882,0.04078653716565739,0.4646210710374774,0.0010248056904428595,1.0,0.0016813593489900826,0.002982874893645174,0.02149288876364967,0.048011834275310104,0.1047337230653663,0.08675614331418895,0.026288648889159546,0.05478576458445508,0.0013660500081897871,0.01074632155299113,0.04418448995468538,0.1457261641829522,0.008618513848813817,0.08939763519053293,0.11970284982310873,0.18116009887757878,0.05299365738659855,0.020215566786644226,0.00831536698856954,0.02007457275244174,0.015660260009374274,0.08446863730074713,0.03889258518078142,0.03640262358901348,0.01161235265349878,0.009016789137376134,0.0032849222424272896,0.13735500565151526,0.24654624947531129,0.07154610044263426,0.008164231022288871,0.005131946200764505,0.0009089555496709033,0.010519175621384262,0.010546850098500152,0.00910707299055598,0.2057850418804248,0.04265220046002716,0.019506127904503047,0.013617106670980459,0.18442812408285397,0.06081048949099351,0.024856132425397442,0.036474420624734286,0.11820313091754474,0.01931329915816978,0.01330264337297831,0.04281919161250496,0.003743813843774537,0.012133361658293505,0.0059886274328582725,0.4391009234939675,0.081275119160627,0.005807949366220158,0.4835274159987584,0.4169270477646098,0.10198178906776265,0.05539701767288721,0.006779003192980646,0.06387706113716383,0.028923793656993088,0.0023353679953228403,0.28640782644178875,0.046212201725406396
0.009435027911799426,0.04940239335953966,0.19491650092338142,0.14491137865760328,0.001977431803101896,0.0822027736508079,0.07348660836133093,0.000260810035585072,0.07492668638642576,0.006521960474447462,0.011870414477865061,0.1277787764483707,0.059168046858699655,0.006781684020908974,0.0318182894153335,0.0016813593489900826,1.0,0.024091455766259658,0.04823244119274889,0.02157971705453883,0.0010169001987927458,0.02434324027144132,0.00924425106811436,0.008398456265323873,0.14332826973582208,0.04179740036556537,0.01751583087707062,2.8848082310989024e-05,0.011872336737848937,0.014394339212184793,0.04189862831380015,0.0015217216023458576,0.02594859787172246,0.014135150933712272,0.009048497698679683,0.023246580869130475,3.044903161868469e-06,0.25794887771992847,0.028996256391493846,0.0016241618627087853,0.01776569491435526,0.08426275994941752,0.0009566671524375293,0.000407470974950412,0.001306784650222432,0.018704254427291067,0.018600555297197785,0.12146626762773448,0.022552091731229677,0.016160968462375983,0.03153831948699429,0.10630170403388266,0.0002514203012657509,9.834595750680222e-05,0.09354030403374057,9.952340875488691e-05,0.000745037447416493,0.00040425320300764794,0.1017053990428518,0.001056989509265898,0.0005228052167963068,0.00014144195125352556,0.0015385506703047937,0.00655624370244076,0.012531595465667275,0.000866728057395492,0.04304252853264492,0.009154820512178516,0.0019072721793237913,0.010754383025549243,0.005866898984343125,0.04154932383847177,0.12376966018355393,0.0021858460742179924,0.03909980236752825,0.01827993806304457,0.0012672132763482179,0.0632918608239522,0.011752220220115286,0.049258431965804754
0.022661086474788015,0.032247177947733685,0.19361520254042966,0.08145258232663521,0.011280705895346266,0.3438297062328573,0.1121587829741369,0.019709263594981083,0.06411682150213559,0.10731290158221221,0.06293832790859932,0.1829641979465379,0.08803222602458503,0.021700702164170364,0.749808119281303,0.002982874893645174,0.024091455766259658,1.0,0.03706210916143997,0.20225215641704875,0.06623140554863532,0.09692919166349438,0.040782719601314625,0.12001921562986555,0.005698713187037581,0.44209100941191726,0.03323081909159666,0.0019305794603839744,0.1680285474487348,0.004936597270333162,0.11983720995578004,0.03807289136629524,0.08754706641741594,0.01807350687061584,0.2858184330300493,0.1446544692596847,0.052244022786636646,0.00983135519977879,0.025170924921720232,0.018007464825272976,0.21241617705195698,0.031067690616576268,0.0012090103283701227,0.027799276561236264,0.004707174701451609,0.21435044141574833,0.04936719889451365,0.029343899553014814,0.08618345160925435,0.05120682797624036,0.014447896930795047,0.08353440612508858,0.00954118564502509,0.032857853678776715,0.2583806844230775,0.04417252189307925,0.03229329517831745,0.019500612557003572,0.0017220920672300724,0.007850881264218686,0.03824783579887038,0.03674616530535646,0.0446611512235928,0.0007925882159058903,0.40623665571932344,0.08681610943386724,0.5287700870070282,0.017007991685707904,0.04906002571461776,0.0797946306406915,0.019652616857857238,0.033021478157581496,0.01815577408309066,0.009277389336951089,0.05517752666336404,0.20099916099075044,0.0033695483801954376,0.05737239148040908,0.009956215863031853,0.18989846417793413
0.10651360881035579,0.0010454523993359828,0.0007135632874341426,0.015994779093505218,0.03232433289443146,0.0020815090331088625,0.00022270123506193423,0.005071580703500288,0.00014143014831867747,0.000400228082689768,0.0009477132636475076,0.019473045958583096,0.00041232173366771534,0.0016136741461496087,0.00930722441403547,0.02149288876364967,0.04823244119274889,0.03706210916143997,1.0,0.013468806347151587,0.005009397224813687,0.018415428605341275,0.08966831039181813,0.000934452787368459,0.1288793571273577,7.455262966474732e-05,0.02222064410441148,0.10227174523098748,0.039935558998151294,0.0006673879587339247,0.03281618887025452,0.022865718091325763,0.003173377636192241,0.028395283799165873,0.009896501765951502,0.002766692119941616,0.01903880120478296,0.002621667306219397,0.00039285135225098527,0.00033729319767711536,0.0007631896624391981,0.0041659278414066196,0.0005398711130794092,0.0018077298692884955,0.002736742280027576,0.0006573738610028148,0.01703638080526295,0.011928431651282562,0.04401821424003661,0.00031440584005190675,0.04866641873625134,0.00012296597671324462,0.007713060836927977,0.00014720963698877188,0.054518599636600995,0.0021240646042536577,0.008527637163694344,0.0033023001990835823,0.2557828411978616,0.008512134965189594,0.007533810444122409,0.05601983882123491,0.0030036097994203294,0.00017391930884248902,0.0010988822646550182,0.005553379564049637,0.005321260833127405,0.003341117056305705,0.0029046985177945033,0.4646940607600461,0.0015103827079197404,0.002804179398763918,0.07300520921144214,1.1400946085917544e-05,0.0016782686439334536,0.021382884518720956,0.000905486906557679,0.00503194768623695,0.037150348966788954,0.006563766740632302
0.005403708663601912,0.008631430553764202,0.020645538907779065,0.010067771386710719,0.023774505966823553,0.36448234722758144,0.35956043344794697,0.08133621140298417,0.016259529691545455,0.3161355970689128,0.118137574569717,0.039472138899473444,0.01955375826145887,0.036820210009822114,0.19834113002640216,0.048011834275310104,0.02157971705453883,0.20225215641704875,0.013468806347151587,1.0,0.02087736880802385,0.7376853278794263,0.15556412359037197,0.06067753485231078,0.0018894658126836824,0.3121611105175122,0.1825985236924342,0.00509226471012693,0.6184407794604416,0.02196592417182392,0.5312099748353308,0.2021936385895091,0.22329535414777368,0.013653287379563214,0.0598700540879764,0.012340185425720048,0.18887525584736992,0.023593957273721513,0.13417228675217646,0.11190217271079289,0.011962217285738262,0.17010980994686298,0.003529491301063353,0.07139074460013574,0.056479599337732084,0.6260147968316769,0.17570110126457628,0.06962388718613284,0.00443068150105152,0.26811146557283155,0.032760289357856284,0.051342311600209925,0.015112080981267378,0.06146240627147656,0.06360693023854012,0.013651499104345837,0.11821609539998293,0.08195902692073291,0.027775561814509634,0.03147988075647841,0.1659736551007917,0.04196013821974964,0.013068812137933731,0.018767925276696535,0.03968646964372654,0.026427623062299867,0.12530655549918535,0.017969304038488548,0.05168899689429682,0.20084422655394718,0.07374189304014643,0.032553255347448934,0.1825750265579455,0.004149510967791979,0.008766248522858962,0.8067289713828326,0.026695799433204485,0.005683943203513398,0.023362600649666367,0.17466519162267716
0.05827377674927072,0.022298617552389197,0.02133486945074595,0.01465671869606817,0.07874217039383291,0.02741781142300111,0.05219123117265485,0.12484255151037363,0.03189912424875754,0.028147411789603494,0.08652381591770593,0.01936485604175584,0.5142661121861543,0.3045561736217942,0.05269262368381619,0.1047337230653663,0.0010169001987927458,0.06623140554863532,0.005009397224813687,0.02087736880802385,1.0,0.07263067955259593,0.07165619670641024,0.2140428479921029,0.0012214185683919801,0.04157104524862812,0.04937696548274651,0.02205536941305464,0.016163441070366782,0.039009882617956626,0.023810584563052135,0.04543484278874401,0.09905647543723625,0.028049855661594077,0.1189515562299503,0.26457417053737864,0.05011435555280895,0.02815864936057847,0.023063501693892107,0.05497082473777242,0.19134261991994303,0.04489046827466975,0.036060421862610346,0.16969374551678518,0.0684776479235068,0.04548196786328639,0.011716275855142153,0.0036439841363714296,0.01102868999395295,0.01843335605372198,0.03929546915017509,0.01378289702443786,0.37468588445687384,0.1389449914640491,0.036067127258465906,0.16220029173936537,0.15621985031413133,0.027196337484745245,0.004592851524815549,0.041161836044974004,0.04988195979604953,0.047662283376136184,0.057603176401402466,0.05702678362182499,0.10236358941476302,0.1554418756077221,0.07759233251306842,0.30457421091214704,0.07731500620545892,0.006928729594683501,0.3534396095895275,0.2472158645014652,0.0172203683181214,0.13588656873884755,0.02967984550235504,0.045166902308015545,0.02261653638155357,0.04759508912434967,0.19819918429957162,0.020129824255126025
0.002368834953322367,0.003929880033244507,0.005785000958433942,0.0072648399313541365,0.03265690509950118,0.2733656217043783,0.5716357138687621,0.08972924613376375,0.003279865557608568,0.17647425844778716,0.04176901591165763,0.03240238758673531,0.04997232027200692,0.08732816609085246,0.05300861723434526,0.08675614331418895,0.02434324027144132,0.09692919166349438,0.018415428605341275,0.7376853278794263,0.07263067955259593,1.0,0.25831176782217624,0.0465438574208202,0.0012162938359634278,0.3108001119354047,0.21701361863874208,0.01561987733422468,0.3806214765710109,0.03566724740255459,0.34978536979653024,0.12157298408415364,0.3426485532988315,0.006901708129859565,0.08480175781798112,0.0073690595203271154,0.193091706061853,0.054761063643114796,0.09374690584923417,0.08533156234417118,0.002664145846182832,0.3747363962654981,0.004663331278381066,0.09595802318586727,0.0945097731117738,0.5932756643421363,0.052972433737552824,0.0288531693175794,0.000810145768684767,0.2266881765077906,0.06988789800286524,0.009997674679463466,0.05123185910358779,0.04388220195369148,0.02850281324602638,0.00900298140930896,0.16338189418345592,0.06314806186004945,0.05737568032072936,0.0420321821849059,0.12605466348907665,0.012468126767119779,0.004941029867141204,0.0641636042200886,0.019105387553676995,0.0192817842192506,0.1155330779401713,0.059540469167422526,0.02625879995339967,0.18892101220205604,0.13771056078875327,0.08608142851204083,0.2091911254286547,0.024832425263857354,0.008455753975597096,0.7936715470040809,0.013242725785414734,0.0001456151555723644,0.03642879212306997,0.14658235560853097
0.008721022161122534,0.0010048761862522955,0.0019333230843203392,0.0090080760579802,0.07903999443256532,0.020452630980122052,0.04494522992368604,0.014406438463375514,0.0033629762543325187,0.036592629299205835,0.004481051039308955,0.003908107628124926,0.02374823680510166,0.006815418858305194,0.015629397597697554,0.026288648889159546,0.00924425106811436,0.040782719601314625,0.08966831039181813,0.15556412359037197,0.07165619670641024,0.25831176782217624,1.0,0.005541108602344105,0.02395797425062889,0.038515179082637886,0.03880056575673552,0.018945105016780494,0.09249572841801862,0.02551633628794412,0.040464944266311094,0.023406393748505602,0.27032299715912095,0.0036144621871696753,0.020972024463532135,0.0038660813030217157,0.3131120193686809,0.0020873850083355803,0.00568604955442609,0.06865784177934768,0.006557668299003485,0.03774844431920434,0.0025229798479875012,0.013399636345003288,0.01827030991280827,0.12373181652977022,0.009564658282408735,0.002710767554754761,0.015184880914423859,0.12905650464544943,0.83972521764949,0.008107331167308288,0.09693815096593925,0.013270736010882652,0.00832358284869164,0.004746035259122507,0.13139489927427792,0.01591116268063104,0.1282799125028021,0.0213583865583201,0.033673387014363614,0.007007979985228334,0.0002303592857517139,0.028954212702704443,0.010365984315921044,0.00497303167996309,0.014599468888327846,0.005051442487701141,0.0015923271240168336,0.16839412200062656,0.02520884308699106,0.007072913836288787,0.002037517873335962,0.05880267624951668,0.007267141071103999,0.1996449038935252,0.002095759465185247,0.0006656113236589689,0.02219281956761343,0.017523577264247796
0.021264964629936187,0.0689178088529276,0.08607095444161891,0.05043128287273757,0.02239815895485743,0.12082216373667405,0.024342571891392342,0.1033127347298781,0.012430091706448008,0.01199411371222449,0.18703452171994678,0.0011006979865170615,0.12929944100943522,0.03302639960399495,0.10629842722628137,0.05478576458445508,0.008398456265323873,0.12001921562986555,0.000934452787368459,0.06067753485231078,0.2140428479921029,0.0465438574208202,0.005541108602344105,1.0,4.0685556347399276e-05,0.08453708086591949,0.007537095735146101,0.0003567164986851203,0.004197737601384826,0.008156682114738852,0.01707849900033538,0.10518199956237542,0.09172802743843791,0.016549062742529496,0.009381233220553618,0.6004120561170154,0.00368810803443176,0.00621083632900614,0.028406120906239948,0.007025725127807794,0.40758245794961323,0.010853394484283997,0.06923653316139268,0.14555996532965557,0.016773054613538247,0.16246819789431732,0.018377056609092297,0.010388927796044648,2.1726163180414038e-05,0.01670073140605794,0.0018812346591789023,0.05476933002334715,0.04582065732607356,0.4607488743533958,0.11448704544687897,0.2395435814201114,0.020827261117858573,0.00727762116064168,0.00016233963104677116,0.0536638937527248,0.03995081825259196,0.02961185153897348,0.1632730833584435,0.20470446603214323,0.2005356808057753,0.2275219181102553,0.0040803523103425275,0.2023087298253997,0.3649625029131555,0.0014916604841343913,0.08461826473383062,0.11038900099364346,0.0019133501972098052,0.24269571844504106,0.012762817698071166,0.12296779539595955,0.0948272898272807,0.006748957921956877,0.036959448477662554,0.13873543256225412
