0,1,2,3,4,5,6,7,8,9,10,11,12,13,14,15,16,17,18,19,20,21,22,23,24,25,26,27,28,29,30,31,32,33,34,35,36,37,38,39,40,41,42,43,44,45,46,47,48,49,50,51,52,53,54,55,56,57,58,59,60,61,62,63,64,65,66,67,68,69,70,71,72,73,74,75,76,77,78,79
1.0,0.015694188771263932,0.010593545148332122,0.0008765957999730067,0.1799255274337879,0.03768874056760084,0.055722875986262424,0.06804278461069979,0.21970220416628114,0.0420772917512199,0.0845373545023664,0.01534253854382112,0.03716941677573808,0.05314265869907544,0.02052182022686897,0.006181591343570009,0.00104024628264161,0.044655307273795394,0.00618359636401503,0.013721064737207373,0.08905855737382393,0.01929608025407086,0.0063300534971597695,0.20523786573818228,0.0029638851997233298,0.08722864640294106,0.007611775432364092,0.01883379843868009,0.02614375112984048,0.0010678985491933573,0.000924354520302528,0.02718411720742684,0.001592911403796092,0.3542207152734262,0.3891252449346428,0.18247384671178218,0.022350630683291933,0.0029269148290706508,0.08737709786822376,0.027434435853518336,0.009564280571629967,0.03191441290045847,0.003761319201483267,0.2550181591499433,0.010577638376700059,0.0153524371863923,0.06951304104276101,0.03118372839449921,0.0021355206249065806,0.0034042027033339534,0.004499915660309975,0.029867362105514942,0.09987382740618422,0.149257990600577,0.0010726978802355898,0.2796809638020005,0.009947525138420732,0.01371071785174799,0.0005657233225298398,0.22717873894007024,0.025913881151082802,0.03939741481394206,0.08999797577608507,0.03554133447809388,0.012222756246439296,0.5608063541539022,0.20560912672824608,0.010375614673917153,0.09647600143093453,0.004782839840438851,0.05084072850187076,0.015344383344139546,0.0009421507740749741,0.006225433910653771,0.0031242354519246595,0.02414332989159492,0.1191095972355473,0.265930449871762,0.002027934185318573,0.007171219214697746
0.015694188771263932,1.0,0.48868438225747485,0.4455452293185689,0.020941383882369862,0.21223607443322134,0.09911068685848115,0.37426199821573825,0.023312702155529216,0.4402095224452681,0.3317039543793497,0.37625569609328535,0.090963449790832,0.10413493151644852,0.2691628285052885,0.06237054447541847,0.00112257136716699,0.19045728967758654,0.0016021953334606372,0.11304595611405108,0.04467660492854027,0.08090404755940407,0.013333083787754057,0.338782732137405,0.0008185809861415178,0.1516838484049667,0.018702860815146417,0.0023327233548865495,0.10122142044253858,0.0016398810650491617,0.019508499286569635,0.15014198505436505,0.017044841040306374,0.02506972213647841,0.10159118321148335,0.3444518085160836,0.06610353128658508,0.021670077532879535,0.05990223225546225,0.21578222643038647,0.15480336495029795,0.027336658373577308,0.08240931167898666,0.12180594169641379,0.016390803110354808,0.20361710069223166,0.062138475220520045,0.01075043570682619,0.004602547836301928,0.15234721798941467,0.00574126252175873,0.01810562434050339,0.010374799242534528,0.39661655940805285,0.29095599859564303,0.09468776202952447,0.04788010243897772,0.016327276011056265,3.3633376069945145e-05,0.010325961036438222,0.054644436914011184,0.03919703530416299,0.6331673035609667,0.27658578037923254,0.13395122772478846,0.12325377551204485,0.2730049067617672,0.054166942907554104,0.58852427067051,0.0073189385190217705,0.1661773488978734,0.11689490109909464,0.009772000991616018,0.0234246390413444,0.9114612183564882,0.11846007156724503,0.014873926525375804,0.02229535401037238,0.0634476121626306,0.45199235313110697
0.010593545148332122,0.48868438225747485,1.0,0.5227026212314098,0.05608602770931457,0.4483214662232185,0.12362285284139447,0.1299281471674789,0.08938716191879337,0.4886809093406897,0.42197128026184866,0.3191801072705204,0.02589335997476447,0.047341412030677814,0.5884557277024587,0.01517853788266993,0.0006072276774061205,0.4924030639989745,0.014560384393623005,0.20559356883095256,0.0203550420457972,0.114440207801229,0.033525070158466744,0.10119446577646485,0.007326807506402251,0.3722967964543289,0.01698851129711696,0.004561553594772794,0.15094741649318916,0.001218788431070473,0.05587279787927733,0.054995520578979655,0.0030255979881803467,0.08028983987599263,0.19055415232468353,0.048611026641004626,0.0847894460884375,0.013126723947747177,0.08629724218322474,0.152438177906123,0.6667219345783346,0.02582454101471212,0.04881693678021608,0.07242159422012749,0.009756612765358314,0.3842141099674516,0.1345504276223461,0.04869709420023016,0.04827128407735353,0.20667699412290969,0.011401403906631217,0.12002750496372092,0.015810974311383296,0.1878359439731303,0.5055009906364835,0.1147366428648881,0.029367023055867,0.017180099853512647,0.0017178448735153018,0.008543159411779614,0.03550466348136756,0.09212839285488232,0.14157862980250627,0.08532931108301843,0.5630694045720454,0.14014262563725244,0.3767762927956271,0.008823882918754583,0.26964627221463144,0.02423476226306728,0.07583793931573753,0.03683347302994104,0.012165324102172848,0.0023680057000017825,0.48212288106756446,0.26556669492536517,0.021182924277055468,0.06513223135553103,0.012255900632035925,0.6102592079281254
0.0008765957999730067,0.4455452293185689,0.5227026212314098,1.0,0.006031801673665512,0.23557662373060537,0.0869094109434015,0.06492970379972195,0.005994490138904396,0.25787037812249824,0.10054195510290119,0.3026149393830136,0.13173698056848315,0.030686388938623976,0.4896388833092901,0.012652405734658687,0.0003859450190478037,0.2894822956841329,0.001422642938638495,0.10033704129649515,0.0289229803866848,0.09872557559331072,0.02057006875995878,0.010191170094260574,0.00036401717095298696,0.15138080882836014,0.0099567063076688,0.0010057323273559723,0.05106535774183063,9.331446248073148e-05,0.016487589651373268,0.011666934389098377,0.04750384679785061,0.007814239965964259,0.047976107298305384,0.009650095713691988,0.0412286175653128,0.0175665970467516,0.017053245182143406,0.0809615670828346,0.2469872828017696,0.02543106204391229,0.05527020859258178,0.01681333802913485,0.004498021825583034,0.3126763125690864,0.0209755875304375,0.0011100966397402537,0.0017573324046487291,0.19208908379705006,0.008897369526061587,0.0139436174807279,0.005235350373579288,0.05876584450602825,0.6417732477700043,0.013183399112234926,0.016521987301739025,0.0022569144639121054,3.1846773732203964e-05,0.0001903211465936326,0.006766908241300026,0.00964240806261243,0.13674905986112543,0.00997748689613962,0.17749884203463173,0.023118526621046305,0.17563085258594574,0.04787117434189729,0.1312619235566519,0.004046415710482832,0.07144168731618666,0.09686022355373633,0.006534381921706207,0.006533614039561513,0.5485134484817263,0.1513419434889661,0.0009249256201315026,0.009175461128806801,0.024997133033626755,0.6878720286228341
0.1799255274337879,0.020941383882369862,0.05608602770931457,0.006031801673665512,1.0,0.11873268133974918,0.1882961117113656,0.14151250801628093,0.13100679403882554,0.26717399187975727,0.22863296479624667,0.013641731269047441,0.12030930708785163,0.15641572030388218,0.05276146788422853,0.027158965503956974,0.005483812998510122,0.10511763147203645,0.10291338378078858,0.1344660859497171,0.24707628690262665,0.14927465514674385,0.16159322434247617,0.1971918981318583,0.047136795769448465,0.23620528979406097,0.18144083577760176,0.3029265306926589,0.3053305227773219,0.06263818719813943,0.025179035574910327,0.129820049906775,0.04971616971415388,0.3489554598790065,0.4985226098248253,0.10118165601868537,0.5549141934194481,0.013287083349254854,0.1964048413647388,0.3826928130997498,0.029784917550709493,0.14821038226098154,0.08373708088534473,0.3957377503475467,0.15977017415290232,0.10247820277161938,0.2262470288735402,0.05376040341951269,0.23893356298050225,0.07243408700949214,0.16551674152768223,0.0607865938690784,0.6213647209422827,0.41987155980360635,0.002136605645915083,0.5813229519984785,0.3245336062834672,0.18397325528023017,0.02715528419522261,0.21384737698197037,0.2967080157159843,0.4304025047635458,0.08034455822046987,0.12530818016142212,0.11153150655254093,0.5632753545597193,0.2810382129288627,0.03805135789015964,0.1257433071173764,0.13249496613727169,0.21853538142910658,0.04728209146152479,0.01418709649418596,0.17730186234813297,0.0012432216843566892,0.15263517779826755,0.15908023719307712,0.04054582580327353,0.00016354807936342356,0.02348021661203012
0.03768874056760084,0.21223607443322134,0.4483214662232185,0.23557662373060537,0.11873268133974918,1.0,0.6264981027532383,0.175374086144797,0.46830650789562345,0.5118383249176917,0.49611451653058686,0.5929934583451444,0.14071273947200538,0.20268774016120084,0.40397661310060007,0.06467412987198157,0.07105357344953578,0.6072946878931298,0.09994045194755438,0.6184043517283293,0.11414270011123068,0.5198794479781983,0.15528655400091354,0.0639315704240965,0.05085344824608987,0.8972215291371499,0.1878011369174959,0.047042846239948956,0.4937738173299937,0.02504062505217807,0.32863669228918807,0.07757120147600494,0.12565162117685197,0.2193062549803028,0.45385285790948593,0.03900308627975505,0.22398049402223458,0.17630277858104618,0.4984180734755726,0.18863149981777455,0.4181091045904311,0.2976649171952899,0.042178457206524446,0.21677697944028848,0.1187711644711824,0.7105516492096748,0.5076938516217303,0.5267524977711566,0.0734926294351226,0.24162628637788874,0.07506294814637546,0.6173670767164366,0.07260765158654225,0.17728343651333278,0.47767446052031154,0.14618217052593238,0.10239635206552579,0.14106217908262358,0.02724224797849685,0.07733130305954539,0.12876577183255605,0.1668611092748908,0.09630911432015779,0.02516016920687145,0.43895155387669926,0.2739498928137857,0.7136034973948477,0.11790841441087281,0.352204080028452,0.1886782961356716,0.21442252668122927,0.22795920761448904,0.13690095834396945,0.017675437856257893,0.24072364638092508,0.7452458897155642,0.17381501690181428,0.249111519367844,0.04630739305255614,0.6591622847030628
0.055722875986262424,0.09911068685848115,0.12362285284139447,0.0869094109434015,0.1882961117113656,0.6264981027532383,1.0,0.2459546243041391,0.25236862733454585,0.34656946827602153,0.21851898621044377,0.3963924511937694,0.2634541009158564,0.41724443155676644,0.17833561879432716,0.17915064545349837,0.24529608705659284,0.3364438989954211,0.1472630673193378,0.6151611469821288,0.24558315672291708,0.7637233145262992,0.23758393080901122,0.06745714274760475,0.02623898147880948,0.6701732285123215,0.5261604826670673,0.15795450492087493,0.5632526645286307,0.10649458519808035,0.4078576161580786,0.13311699155531992,0.27615823185248817,0.1450592375017763,0.47458546977857197,0.0313277051003336,0.3044734108135948,0.49634528664121075,0.597483638203975,0.1992259833639184,0.09789587789095243,0.8534526787492205,0.041747877137879946,0.375215926463582,0.34814971247891613,0.5466701742334015,0.355167042108204,0.4090422395267776,0.04358218806424067,0.16532775273067304,0.13258169518846102,0.24691785493730756,0.18323887815550668,0.18417407647090225,0.19212512109547947,0.13490313924747657,0.2028761985744196,0.2809537268589035,0.11925563100544004,0.20019197137330202,0.24329316865408523,0.10428706325099832,0.07938529907347208,0.011045366606144585,0.16046793764690673,0.2632466472006009,0.5690264471013387,0.31169766397209087,0.2995105805553878,0.35243943542430284,0.38570664262624055,0.4822275450576826,0.3859084511874787,0.05727256409668246,0.12814595131024867,0.7016422985445221,0.2596942268724489,0.09931302208285239,0.07438949944405523,0.3715214356809772
0.06804278461069979,0.37426199821573825,0.1299281471674789,0.06492970379972195,0.14151250801628093,0.175374086144797,0.2459546243041391,1.0,0.10811843480273198,0.4154759181738652,0.3115756155287912,0.3876078975595785,0.3211428358538171,0.6075627184855129,0.10068345648630005,0.5802041136721436,0.02708503735452695,0.1106633353915389,0.005735959153165611,0.11967702528826492,0.3446664167214541,0.108038686498437,0.021757303642019186,0.4259066617192442,0.004490215450828169,0.1683627885146237,0.17150694969645597,0.05587496528667269,0.27375569224360474,0.08956610058767084,0.016487811472664312,0.6051487288919335,0.03476368613299182,0.06844559237670318,0.2551066814115394,0.256082412510144,0.2273960166839668,0.15086882962300063,0.34622906288841976,0.5148934238481808,0.010927316375007176,0.15416299706158865,0.34096060475338713,0.6282315713169593,0.24785897956126396,0.08683657384702265,0.20285953707012905,0.08008995659120605,0.01574701281849818,0.06585077075599854,0.018919052843751286,0.04238540896622552,0.1563050013278079,0.6551686363366231,0.05643860726181546,0.2126689435260396,0.4211882505368017,0.22488541646252022,0.0011473305572549134,0.236876086064713,0.4205252228966553,0.08825651367687204,0.4427368599474509,0.2408026963464209,0.04824471854650984,0.30022489066493446,0.3788424455465849,0.3977320836546085,0.7649823894970839,0.03952291836992243,0.8008661078810877,0.5030780789622546,0.028170881999765265,0.3174996258470859,0.3950805042801592,0.08681040712265405,0.21339383621321809,0.06465859039372654,0.28843896472484637,0.14722978887191848
0.21970220416628114,0.023312702155529216,0.08938716191879337,0.005994490138904396,0.13100679403882554,0.46830650789562345,0.25236862733454585,0.10811843480273198,1.0,0.09823989663698365,0.3722100330305913,0.2727306402248861,0.015087231567959138,0.11679925784493114,0.09881398169607994,0.0228952571775798,0.010003230102221296,0.2538080075152097,0.08157787822903059,0.16465369870890093,0.03223727611690476,0.11249043564778168,0.02447012783017855,0.14218645868990074,0.10553347190237092,0.521471403130413,0.06025745893503837,0.03569812351137398,0.2318581567454934,0.008288401658914393,0.07848929629266337,0.07916569672782406,0.005544365056106611,0.5622399976019774,0.43863859061005284,0.07023269273706306,0.05099393018371987,0.0403826400281574,0.5472723143123668,0.028665927833397338,0.10724395808329298,0.0819770841829024,0.0011509647901624923,0.34584720000055014,0.047118120549047196,0.12683396776053463,0.5805898039106225,0.5873551243002404,0.04390436429496556,0.004973225122118331,0.010097264275232025,0.7322235576993403,0.03886302994104797,0.09832053397665023,0.10698256610730814,0.1377641232427897,0.036088060537927104,0.16574467124230333,0.015384452070705275,0.32508427061966894,0.15635621485586604,0.20748646076845145,0.026181021240498283,0.005633421114917561,0.09379228698612577,0.41699174167085024,0.4969862490683145,0.013283955617040467,0.24195217645838044,0.10679914911823973,0.07751634982906314,0.04615649688823551,0.01846728348688667,0.001533929398161292,0.024877227007019886,0.21501304831204526,0.46427802646917515,0.633484229383126,0.012217248226336195,0.10305039538678165
0.0420772917512199,0.4402095224452681,0.4886809093406897,0.25787037812249824,0.26717399187975727,0.5118383249176917,0.34656946827602153,0.4154759181738652,0.09823989663698365,1.0,0.6259076232461231,0.29775873258970104,0.1678149797940453,0.19386078977535678,0.21660661099309417,0.1268163125791837,0.006226499107716542,0.2854937439053998,0.07859011295054942,0.5840216309231934,0.14299915965968787,0.43701307772258174,0.21301168668027506,0.24267554061228186,0.027039799963461734,0.4795075006820126,0.18345820906266558,0.0646614219858164,0.5771563694711564,0.018208866920627245,0.20859548615604764,0.3136256998836609,0.1745245929833888,0.16638636610921198,0.34513071252933303,0.13614008213385914,0.5198308936789806,0.06348900009023593,0.23488059416617738,0.7019026490068019,0.2560574150847867,0.16189729222456348,0.23187353757909993,0.2548584486503722,0.10588675996864531,0.643059665266722,0.32138047831286765,0.06281602048551076,0.17768622679418922,0.5648176400378092,0.14010647635219267,0.10449545360312835,0.14751507124188037,0.5782681058997396,0.1806922750138767,0.33893229021549115,0.3000980710765451,0.11936433161311011,0.017476105932362603,0.040348593709247815,0.25246693519486546,0.2819130453017664,0.23047930038860226,0.24637786096035766,0.3767416173493553,0.3397296046330094,0.45853651288856695,0.10785568241574593,0.5310830200630346,0.12015959458265559,0.37004620736762456,0.19861955047615595,0.09483204435375955,0.11142683243985009,0.4141618820216254,0.5426508466323444,0.07177283831228595,0.03752741111755843,0.03485670718287863,0.5533906529352453
0.0845373545023664,0.3317039543793497,0.42197128026184866,0.10054195510290119,0.22863296479624667,0.49611451653058686,0.21851898621044377,0.3115756155287912,0.3722100330305913,0.6259076232461231,1.0,0.3083101704898162,0.013225721658537509,0.1096925299888064,0.12733323672778923,0.04765581074321281,0.0003411177113138334,0.20931650298007004,0.06439864086073496,0.34832514921523466,0.021395387177810886,0.18212210621718522,0.0726668611894814,0.4557477597147989,0.05352976907454046,0.4524764561709948,0.07126534426139639,0.02481223706306339,0.48744723098298715,0.014719642204143079,0.1363665910526313,0.3316537021528086,0.010788608145813236,0.33840131088427383,0.33316081248420093,0.2595941275548384,0.22373017216483163,0.022141185413340515,0.4425005395004637,0.3321750506571588,0.2482956656696697,0.05151526605853701,0.06096642577241864,0.3310687383492737,0.04722238116588356,0.3069226957381936,0.6542751407708937,0.24237125289909986,0.2094600786521501,0.17109765114109232,0.03700886993349515,0.2810252713471676,0.03965610019153869,0.5187130629838489,0.13666184416305388,0.4113492867490701,0.12373924464328949,0.2180881000073777,0.017399983120056344,0.14589509743348242,0.3272653313768332,0.5200229753205408,0.16217549694099045,0.32043163251033907,0.2793453244476779,0.48694876570754486,0.4594706502140722,0.005835620561532108,0.6225490483134909,0.11588610348061829,0.13821210041229087,0.037263414625963394,0.039832099129001555,0.0034057784603055835,0.26561643726650885,0.3195265882033374,0.2959696970540637,0.14137668186602856,0.00944435501013593,0.31064054223453713
0.01534253854382112,0.37625569609328535,0.3191801072705204,0.3026149393830136,0.013641731269047441,0.5929934583451444,0.3963924511937694,0.3876078975595785,0.2727306402248861,0.29775873258970104,0.3083101704898162,1.0,0.18072037593697088,0.3462669332300784,0.37742860671486517,0.16947119657801957,0.11068385539888691,0.4193529969705556,0.0029911115500897557,0.1924843154151369,0.11542797002478208,0.19348627474176391,0.020566461616724617,0.175605351578248,0.0014399537172379243,0.41179409416843593,0.06826875213626946,0.005079766645470944,0.16931446204844086,0.01762145604914149,0.0584464230653202,0.12027823378004858,0.03717361895692595,0.03176662616009838,0.20737790451776209,0.12552950568505897,0.06339987425788783,0.2691369222737121,0.3799940857598444,0.12454757751093684,0.1716647689711377,0.17103374085468406,0.05588766739371842,0.3017635371635642,0.08339542966930413,0.3028009813165218,0.21660117672110504,0.30191514575660233,0.0022369303299334597,0.08753504795906682,0.007974055934846415,0.25194612851096077,0.017141196832954418,0.22586639248284535,0.5850412460159246,0.07157395938009595,0.061816485210541255,0.07606556292617414,0.0003321436831014994,0.11824388727774622,0.09748666420319044,0.027495475606277582,0.2759652065826774,0.05075206581117558,0.1635424681181998,0.15633468893125246,0.5940199758456122,0.21232912402290022,0.5760315106157811,0.028906156964029615,0.29581240007161447,0.37387184355651104,0.045888793561461506,0.02340539060941152,0.44628875367939663,0.25358320970281106,0.1710321980490263,0.2909810953559314,0.19777925263374263,0.5392078557144222
0.03716941677573808,0.090963449790832,0.02589335997476447,0.13173698056848315,0.12030930708785163,0.14071273947200538,0.2634541009158564,0.3211428358538171,0.015087231567959138,0.1678149797940453,0.013225721658537509,0.18072037593697088,1.0,0.3693998581558651,0.18010230520763126,0.21684724766925456,0.04666266031918975,0.20372982939767856,0.006264235195811602,0.09452338196354765,0.7190111816056441,0.19425100163445488,0.08109348091177376,0.02709527469351961,0.00017207863658494664,0.17929607910547476,0.047166102667700834,0.037671910679226525,0.06293339951365438,0.019801807091324546,0.016975372768567625,0.0678368915206741,0.13662864990899376,0.01170989440747522,0.2672949290750175,0.0048848469548146995,0.13268407097654722,0.09655497352941768,0.08435373026915796,0.17637839220973817,0.008019058040771557,0.18142591115674628,0.25998020796058685,0.21671391133582296,0.08552805444120523,0.19104759136750635,0.020078282225999354,0.02433952903298897,0.0005826612760550844,0.12437264291464019,0.06909912943238573,0.019878190589066615,0.3080783359970269,0.16826451501698875,0.09015633460945577,0.06838615088527518,0.10876055751261049,0.018989303257608784,0.0005085137262341451,0.04911252678057172,0.04238427545919156,0.0033411600866514427,0.25176197474792755,0.0030498443216330994,0.060320110861039625,0.1077869623810409,0.2875761799621862,0.5039375713600269,0.1497159489739807,0.009315189461660071,0.5293465418501165,0.5299173961532951,0.01981150318989201,0.2571632032137144,0.14092751981404184,0.15584789838152546,0.02673700486476037,0.005702279703719007,0.261265275690856,0.18159220000175028
0.05314265869907544,0.10413493151644852,0.047341412030677814,0.030686388938623976,0.15641572030388218,0.20268774016120084,0.41724443155676644,0.6075627184855129,0.11679925784493114,0.19386078977535678,0.1096925299888064,0.3462669332300784,0.3693998581558651,1.0,0.08130781631731526,0.7023341974718363,0.11136851211165597,0.12359083846494252,0.013926002112227255,0.12857867105574333,0.5492304273616382,0.1549214361400504,0.03001270745523726,0.13104281277941537,0.004352304344188879,0.21514939885315792,0.2965829940092995,0.13624456428344758,0.23552632488170774,0.2821274644504394,0.03300596461436517,0.27226065946550654,0.03668251049398121,0.05293654519834437,0.3048589594868323,0.06475988733015643,0.17068864830143993,0.5128308536892353,0.43487704736592103,0.21713374410452235,0.010936106157815451,0.3706573372751091,0.1149204932397546,0.6967619572542059,0.5308040010436503,0.09502796266463476,0.1533441445735923,0.1756015319720843,0.008578052334086388,0.030336422619774598,0.02144033237948162,0.07592544048868324,0.26556448267220123,0.2879515856270616,0.059280610339035006,0.1245351433619377,0.3260339488059766,0.28733886694926947,0.005070843611349692,0.43196150074492623,0.33407646419973014,0.03650476239089881,0.1814413200066769,0.023418859212097968,0.03938818866402833,0.22238720806238244,0.3780106885273402,0.7717363764954325,0.38310339706439195,0.06260642223301677,0.7624969323812496,0.7911978304661345,0.06293732930471561,0.20064108798558722,0.13204358853579484,0.12283059016339866,0.23521815305373717,0.06482123235282738,0.5004856551595418,0.11047252666585973
0.02052182022686897,0.2691628285052885,0.5884557277024587,0.4896388833092901,0.05276146788422853,0.40397661310060007,0.17833561879432716,0.10068345648630005,0.09881398169607994,0.21660661099309417,0.12733323672778923,0.37742860671486517,0.18010230520763126,0.08130781631731526,1.0,0.01821213057430901,0.019052726038611432,0.8661681308957632,0.005771593602209321,0.07493391616030097,0.08871373754412926,0.11135087938222318,0.027296029880385805,0.04920779289307003,0.00010884135441194769,0.41911843998452747,0.004074028508613103,0.005247909546299615,0.02404208735501526,0.0006329704632698317,0.010031488544227023,0.012554261425316099,0.023293188120728458,0.0617022246536281,0.32055102626507703,0.018191037132726375,0.032764978498150125,0.04187216578320979,0.06070678803451904,0.056451059266746526,0.5548418546669146,0.06472777915455025,0.033195773493961224,0.07794060935762702,0.008793405950682396,0.3216697730227405,0.037648555635180304,0.043846976371792336,0.0003544911618520065,0.09884956914532089,0.01265326154586318,0.12195154515182459,0.041145115568306974,0.11223724532500949,0.5535359863705511,0.0929535735267042,0.00778682818248967,0.002156361115703314,4.1820688487273516e-05,0.010961979118784571,0.006436359661846135,0.009937067640250737,0.15880250315085706,0.019153353852637885,0.5847739844597153,0.13931130959871862,0.52354740507894,0.051961541861285064,0.15999772225363998,0.00028323770862330916,0.09746712595908846,0.10680220446554003,0.005050422417351993,0.006246301908304726,0.27723680219620284,0.2132885815551761,0.013538983357343616,0.13886189243912309,0.03114659987912609,0.46424919323727376
0.006181591343570009,0.06237054447541847,0.01517853788266993,0.012652405734658687,0.027158965503956974,0.06467412987198157,0.17915064545349837,0.5802041136721436,0.0228952571775798,0.1268163125791837,0.04765581074321281,0.16947119657801957,0.21684724766925456,0.7023341974718363,0.01821213057430901,1.0,0.06000241208527449,0.02464643935164092,0.0007843551204501857,0.049979583017415785,0.2893484773846116,0.04857609790848391,0.004361356051645357,0.043843387276426074,0.0004882879216080463,0.05756829389446205,0.2435632429287416,0.035870938089095764,0.1510260417858851,0.35526039591970243,0.005047854257305363,0.4040004603414238,0.00820797538912151,0.006268230868701768,0.07765239502012498,0.019454072138855732,0.10707552563195386,0.3355823888589213,0.24082700236340884,0.23819118491858246,0.0005891264023083025,0.17352265711683543,0.2703966873684207,0.3898237226380268,0.5235101975107467,0.024519171803331432,0.06678047697488268,0.05756890773457489,0.0015264084764830788,0.014640064542458576,0.0038011193194871884,0.01380010763515447,0.07181950911557537,0.1849193187206271,0.013624954963863694,0.028110763055976352,0.43890884081759834,0.28643674727260415,0.00019873075572715375,0.21754774166011573,0.3643245346932924,0.010403374162839173,0.09815647815957561,0.01951585785123512,0.00643087117343679,0.058193393295408576,0.1289669247340488,0.6248957383090574,0.2411705888402511,0.02230143072229724,0.7140310757174372,0.62944502962223,0.021211619924735723,0.32070304990055537,0.10101348158727237,0.029967332125299142,0.12473862775687333,0.007370516981435933,0.39967843714425516,0.044592271246493884
0.00104024628264161,0.00112257136716699,0.0006072276774061205,0.0003859450190478037,0.005483812998510122,0.07105357344953578,0.24529608705659284,0.02708503735452695,0.010003230102221296,0.006226499107716542,0.0003411177113138334,0.11068385539888691,0.04666266031918975,0.11136851211165597,0.019052726038611432,0.06000241208527449,1.0,0.04168719874698126,0.004000252564305207,0.032282534717061676,0.023933566991645304,0.08440353843070719,0.010348691515483217,0.0011055610283193862,5.217681594089723e-05,0.06198007544998887,0.04961394617586282,0.009971276245207267,0.022996754027073213,0.02509090819206593,0.019022682623617605,0.007172025793713283,0.016639098152106797,0.0008588575755130299,0.02731107386977198,6.581888010240243e-06,0.007871529974225366,0.5375459954289628,0.08501153876801455,0.0024117547338806423,0.0014416633030392503,0.26942676633609985,0.001756307223499063,0.05377129635603324,0.06341195195949001,0.03556911721910344,0.00919569835926717,0.08996247805634486,1.766496626824166e-05,0.00037278747356591345,0.0040589988099185535,0.03260836692889183,0.00950510998135348,0.005497644002354574,0.05720498796750796,0.002393355998930588,0.009233079393468348,0.020218817800096267,0.002904467204324443,0.035859730787536,0.014717185070430292,0.0001283294210181645,0.0021904546341888725,6.208764990814787e-08,0.0038007164217357552,0.0075275706104119405,0.06336226743123147,0.11449762901409254,0.020785907419038924,0.0141451360201447,0.048181562514874876,0.1932348716110327,0.05700268775158814,0.0015044513722299606,0.004664869381312948,0.05802539213728373,0.03648727505081314,0.0012961562651475588,0.034062615264047635,0.03316327636203869
0.044655307273795394,0.19045728967758654,0.4924030639989745,0.2894822956841329,0.10511763147203645,0.6072946878931298,0.3364438989954211,0.1106633353915389,0.2538080075152097,0.2854937439053998,0.20931650298007004,0.4193529969705556,0.20372982939767856,0.12359083846494252,0.8661681308957632,0.02464643935164092,0.04168719874698126,1.0,0.014687638309230996,0.16784785234443014,0.1321067492637384,0.22253064668815653,0.06367962285994959,0.04839766667384857,0.000995574967361804,0.6837821704046464,0.02028733660390768,0.01802289059815271,0.08177082178583263,0.0028725899202524936,0.0323893509593735,0.02072197929935284,0.04732132370888761,0.14360276077813464,0.5393451390022271,0.022207371966076642,0.07539007326110159,0.07448048460526277,0.15267201261487143,0.08323018267438703,0.5759789453803226,0.14350642981330083,0.030340955456886122,0.13353885627036038,0.02528006799538709,0.44912475132739327,0.11055721463373797,0.13961802097806242,0.002923630681067251,0.13197305732988512,0.03150780658933959,0.2928411023146126,0.07494246002581949,0.1345309159847553,0.47208267931239545,0.14977088840712113,0.018398470941685396,0.01083017976750664,0.0009671444540164904,0.0321475604876984,0.018268119720161995,0.03750354735727445,0.12443607096740984,0.016775576614765513,0.6716217450591269,0.24510707665695736,0.7300952534937675,0.07159998662101963,0.19892588055320357,0.010151258491647585,0.1297384175983716,0.14136053738708246,0.016597685016785928,0.009014631175139318,0.19862012956126218,0.37765072175744013,0.043740557972439836,0.2680985891697678,0.03225032340213891,0.46306565823983986
0.00618359636401503,0.0016021953334606372,0.014560384393623005,0.001422642938638495,0.10291338378078858,0.09994045194755438,0.1472630673193378,0.005735959153165611,0.08157787822903059,0.07859011295054942,0.06439864086073496,0.0029911115500897557,0.006264235195811602,0.013926002112227255,0.005771593602209321,0.0007843551204501857,0.004000252564305207,0.014687638309230996,1.0,0.2661229162552702,0.012204233140705062,0.2585789171194282,0.2732379927335457,0.0018611194796483307,0.44575830676541955,0.15903989681484812,0.21485238221803218,0.1575333969549152,0.2927016368767925,0.006924230399266973,0.17331053993489434,0.0036093381829421576,0.0846224535093976,0.19208126024454555,0.07373353490974267,0.0011805914387472652,0.16948547816286985,0.00523803611979597,0.0919439909142003,0.039812796147684675,0.012291485012083044,0.16873508491687195,0.0018434051546767057,0.02822168435717417,0.04534781857518046,0.1347166312074224,0.20693654457324193,0.09615014520540838,0.1803793386899114,0.05118549493817483,0.1417300795808103,0.11370261501849399,0.039833476347312664,0.016214352481044334,0.0011291936302235154,0.024529535582168055,0.031001123155241492,0.06495216854790305,0.5420220313080363,0.01502016357933874,0.032962176857838574,0.17862217568426397,0.001038167229874534,0.0005080110833264401,0.0212552181943063,0.055204090571398336,0.05073303291827999,0.004592361905094733,0.011493337645406363,0.6563026684086145,0.01739147185452032,0.007724191144980852,0.05796645501441638,0.0010120792663891236,6.2180141033654e-05,0.28120270428691363,0.038361795940043845,0.0031951022722636123,3.993829933049192e-07,0.017061668660184413
0.013721064737207373,0.11304595611405108,0.20559356883095256,0.10033704129649515,0.1344660859497171,0.6184043517283293,0.6151611469821288,0.11967702528826492,0.16465369870890093,0.5840216309231934,0.34832514921523466,0.1924843154151369,0.09452338196354765,0.12857867105574333,0.07493391616030097,0.049979583017415785,0.032282534717061676,0.16784785234443014,0.2661229162552702,1.0,0.08192940412850584,0.8576518036585004,0.42785246755558093,0.026889048220329795,0.08101015516757869,0.5696016622329841,0.4331457166128168,0.07677740695523189,0.7904091776451057,0.024066973617390238,0.7404058814370481,0.0742617672117239,0.4373822033772578,0.14002889082263462,0.24067430209072874,0.017994402873164055,0.4487693823280196,0.13958322873960405,0.3746027592886493,0.295984212284365,0.15085414428472332,0.42587508066115376,0.06586540499044181,0.1269292396884115,0.1484878375909992,0.7973473649580763,0.44408708134265623,0.289796417843987,0.15781953694446366,0.5242970512542795,0.2557833688763178,0.25476372401519953,0.08586399563878531,0.13818638705930525,0.107009345062014,0.09943107243647108,0.1636831768512731,0.18091400691363094,0.12123376291133665,0.036893306198877096,0.15263651724749527,0.18913682162801687,0.0337891424819714,0.014510248415174763,0.20408778831227203,0.15325341692029226,0.31112839082376276,0.09934193207705369,0.20647016665180135,0.4532308928405041,0.19690715345074983,0.18083114598998207,0.40587099236073054,0.023118125275368082,0.13259666930778274,0.8991644135312276,0.10945321200307517,0.021437775396177285,0.014371885349295052,0.4521491905238041
0.08905855737382393,0.04467660492854027,0.0203550420457972,0.0289229803866848,0.24707628690262665,0.11414270011123068,0.24558315672291708,0.3446664167214541,0.03223727611690476,0.14299915965968787,0.021395387177810886,0.11542797002478208,0.7190111816056441,0.5492304273616382,0.08871373754412926,0.2893484773846116,0.023933566991645304,0.1321067492637384,0.012204233140705062,0.08192940412850584,1.0,0.13946861733970162,0.06404570230116124,0.04107769576642802,0.0009305922342329697,0.1686681384792716,0.09996370188561048,0.108565531813484,0.09428944152170617,0.07105801639057716,0.014783406147404768,0.10549601729216437,0.06399066947868733,0.030244766464022462,0.36114819223387534,0.01120176997947049,0.17618996440608453,0.13105235201301046,0.1352883506992923,0.19864254187742575,0.00818498676676874,0.2052924613200386,0.19178293760854112,0.3897928110983697,0.19972466192193186,0.10645869443289918,0.03705575823538269,0.04083269951388584,0.0023917191292089175,0.05869799123945268,0.05669517086745654,0.027806440100821377,0.6152638680280345,0.20965458681925125,0.030851887742271093,0.12132686460784255,0.19103026030129983,0.05854304941827043,0.002229745317735703,0.1632960768849249,0.09931670998387533,0.009000602541670153,0.1635205834140855,0.006281415057745036,0.05431540877801461,0.18558316178902085,0.28103387419078796,0.5278298007161553,0.14744456939474865,0.019774898537136026,0.5996175984121581,0.4767576613701171,0.02114432899210535,0.3289145461894895,0.060580426163425245,0.11549670131902395,0.06491236296649296,0.012880901230540748,0.255234944791624,0.07653545203228146
0.01929608025407086,0.08090404755940407,0.114440207801229,0.09872557559331072,0.14927465514674385,0.5198794479781983,0.7637233145262992,0.108038686498437,0.11249043564778168,0.43701307772258174,0.18212210621718522,0.19348627474176391,0.19425100163445488,0.1549214361400504,0.11135087938222318,0.04857609790848391,0.08440353843070719,0.22253064668815653,0.2585789171194282,0.8576518036585004,0.13946861733970162,1.0,0.5469702613582081,0.019247727663548972,0.039202756077037174,0.5543738729825866,0.46812127152639843,0.09950614999532427,0.6227475455687598,0.021892646101229363,0.6115450616204315,0.05067969337391775,0.623507744489171,0.10649120694151835,0.3021295643603569,0.013633414689088548,0.45131631107699277,0.2052324532331158,0.316873371969783,0.24815029461860152,0.0895724539499294,0.6348380198981493,0.060012059000447204,0.12981416693414247,0.15670101098169165,0.7702186285156709,0.27290700617077346,0.2084388381227339,0.080949122300309,0.48447421882363273,0.35777713729735344,0.15273302640898054,0.12474661289390034,0.11646598332482884,0.11192633328535492,0.09135821549038749,0.13665629461096618,0.13877075482874418,0.16899497227485263,0.0371691953560667,0.11382310123289156,0.11238705401832046,0.04125807037817248,0.007289800170861184,0.15227212371307297,0.1499300327560669,0.34782364245720193,0.15299690908798314,0.16446097810038995,0.452041404811157,0.2165302474416786,0.2558059432614503,0.4522093339121551,0.026799723719530412,0.10142301129528285,0.8890642149081901,0.09000998692914565,0.023750569443606005,0.01898468217732166,0.38878764562823526
0.0063300534971597695,0.013333083787754057,0.033525070158466744,0.02057006875995878,0.16159322434247617,0.15528655400091354,0.23758393080901122,0.021757303642019186,0.02447012783017855,0.21301168668027506,0.0726668611894814,0.020566461616724617,0.08109348091177376,0.03001270745523726,0.027296029880385805,0.004361356051645357,0.010348691515483217,0.06367962285994959,0.2732379927335457,0.42785246755558093,0.06404570230116124,0.5469702613582081,1.0,0.004125321368503393,0.035393326790741406,0.21092836354278421,0.17771836629477186,0.045058541979699954,0.31466853411427004,0.0021854633442186925,0.232055574539128,0.008727605167960435,0.581859410599096,0.06635544094442936,0.1297321536885163,0.003974937392344407,0.5301622496247322,0.023027081711985007,0.07380988182132443,0.1643403237891836,0.029833160101569868,0.18916027401648164,0.025270123095889406,0.033564712015484215,0.03440614847264821,0.3799853854925329,0.10422529480227899,0.03515624549389477,0.15388272395576247,0.40819031284016416,0.9277581392479319,0.040513605180437805,0.10824104766078275,0.052752792643256295,0.011139105767648426,0.06761462757199611,0.059820605592582704,0.03487051980045357,0.08351326042622131,0.004922030476864154,0.032326388849454955,0.1109624031939365,0.009965186902331977,0.002899586674799254,0.05999470168547927,0.07406493840846237,0.11018545804322301,0.027012361312539625,0.03522163935092132,0.2566017271467576,0.06091075427636051,0.04399927242178173,0.12572591857948257,0.009389751348896268,0.009155245549967949,0.47330309850184354,0.015940841305684197,0.0020923558425052675,0.0008638896473897982,0.08281320103405214
0.20523786573818228,0.338782732137405,0.10119446577646485,0.010191170094260574,0.1971918981318583,0.0639315704240965,0.06745714274760475,0.4259066617192442,0.14218645868990074,0.24267554061228186,0.4557477597147989,0.175605351578248,0.02709527469351961,0.13104281277941537,0.04920779289307003,0.043843387276426074,0.0011055610283193862,0.04839766667384857,0.0018611194796483307,0.026889048220329795,0.04107769576642802,0.019247727663548972,0.004125321368503393,1.0,0.004506798433732875,0.07673095134277583,0.029197556971864918,0.015138821285768975,0.11905227533684545,0.003073672071543041,0.0002306788345202844,0.33809745768829025,0.001391547720940478,0.15650537145635632,0.2290392395715535,0.7701286645199904,0.08276578323902763,0.018424564851577074,0.21068956468860386,0.2043905410588691,0.0006435902452139691,0.02478233009762739,0.01775536530545841,0.42387271681407873,0.02943507985061689,0.01364830923070917,0.18806308216114323,0.04361496794275954,0.0382202588282293,0.010050927817229709,0.004786996184257473,0.020579184531380985,0.039887669583449234,0.7151164287753007,0.007061588798393648,0.5330356141680734,0.06457372078138698,0.10352187114987528,0.000258203701928028,0.19030685780218662,0.22532025658824098,0.20361617240847701,0.4369260542469868,0.5487954989101508,0.02322454462645519,0.5166979106002056,0.2608959869067051,0.027760732530963214,0.6636699820246323,0.010438708811584041,0.12987330380563816,0.0542823095644347,0.002528612271521408,0.021882629604889948,0.21603292887990355,0.017447757230449328,0.22407196507585295,0.12349366315577714,0.023141482438174137,0.031055515636685287
0.0029638851997233298,0.0008185809861415178,0.007326807506402251,0.00036401717095298696,0.047136795769448465,0.05085344824608987,0.02623898147880948,0.004490215450828169,0.10553347190237092,0.027039799963461734,0.05352976907454046,0.0014399537172379243,0.00017207863658494664,0.004352304344188879,0.00010884135441194769,0.0004882879216080463,5.217681594089723e-05,0.000995574967361804,0.44575830676541955,0.08101015516757869,0.0009305922342329697,0.039202756077037174,0.035393326790741406,0.004506798433732875,1.0,0.07543077350488561,0.03224045149022335,0.04159142097508715,0.1341842734864699,0.004952785685371933,0.04152250299694041,0.0054129761006880845,0.0038087217675367643,0.22567300129209786,0.027682488944123913,0.0003715659455364322,0.039955124158076914,0.0002477640685347097,0.05834433618397489,0.012828669442651259,0.00685040019621335,0.01070456484663787,0.0005183339267795912,0.02433547936993044,0.01264028531877935,0.03455575631263265,0.22605533009056739,0.0817388116427124,0.11550896697325273,0.010590279048146396,0.017385800873214265,0.15673280800420342,0.011418674147938465,0.007692832341377671,0.000723136511473166,0.008767054930309597,0.01586046931396625,0.04498714876478817,0.07341939926500413,0.03134631902326465,0.030706479274495893,0.14484378031845863,0.00011659325558084167,0.0025263766290552483,0.006012548048894095,0.03383605050890614,0.015321078917705646,0.0002108609810039882,0.0069019373001786965,0.22450630720734735,0.0061817445885986805,0.0008877902463785604,0.0020171956324056936,0.0003054144126314974,0.00015631561401352847,0.07754498255199249,0.041753108261354636,0.0015491057316785748,3.098093614636555e-07,0.007367346223739717
