0,1,2,3,4,5,6,7,8,9,10,11,12,13,14,15,16,17,18,19,20,21,22,23,24,25,26,27,28,29,30,31,32,33,34,35,36,37,38,39,40,41,42,43,44,45,46,47,48,49,50,51,52,53,54,55,56,57,58,59,60,61,62,63,64,65,66,67,68,69,70,71,72,73,74,75,76,77,78,79
1.0,0.00987606275828953,0.008027088053148215,0.00517955247216928,0.1661254660646914,0.044690361957357344,0.053389832736429256,0.020524430738262375,0.1514576561125424,0.03163503671902511,0.0436472007847206,0.003449146316563149,0.009969228005737152,0.03652530871451678,0.012882029240420518,0.0005640986701643437,0.007275386587364628,0.030930242310521914,0.0006844019350518101,0.014433384885459134,0.027010140527651414,0.023571586548953277,0.003928369968572535,0.13173024869738473,0.00322942076488492,0.09768326338391077,0.003652737412976866,0.022309105257435728,0.043468549970096894,0.0012582220868610423,0.00012728767468729777,0.00512635005227286,0.0002018452343925342,0.24647920003636503,0.34102324453205274,0.13111598329734037,0.033482374862115395,0.0018811771129456905,0.05389251266176832,0.02349805850532132,0.004554229138181399,0.0317151132312921,0.005698077055195089,0.19521561850987518,0.007027384374401339,0.015885265563799537,0.031313631121269885,0.040586789412289576,0.00016379308740354853,0.000828227069492505,0.002205180931214626,0.024278068180422625,0.07627231942440764,0.09290773841765101,1.8435569751947433e-05,0.2842761928982542,0.005021675820831822,0.015660358983915365,0.003403888905888523,0.15286482242433874,0.005846963919759098,0.010790039873448351,0.02644473810565308,0.03896242043049342,0.006965868340345103,0.5009382991870382,0.17717249737669347,0.0027346388739554876,0.037944169732965716,0.0077390883941293055,0.025162868111282995,0.00414993730173932,0.00027424508403135674,0.0011270273955272302,0.019851298568950723,0.03777337185037875,0.05915812680395121,0.1930434401752217,0.0013714921807758812,0.001759107238632499
0.00987606275828953,1.0,0.4625910413676443,0.2305625815590438,0.03291979164044834,0.154776088130182,0.04837024728290062,0.298386238729939,0.05567072691372498,0.3261984068887746,0.228484798392832,0.30227328798482717,0.03389139036052967,0.04002829430933146,0.1856714179397754,0.02826081314848727,0.0008518611895983652,0.14655295180516184,0.0003189763965640644,0.052444629391611784,0.01655726610693015,0.039351139787267286,0.011547178740678373,0.25665928207840655,2.9130630189710695e-05,0.11464524922361768,0.006547919577023601,0.000504309815771575,0.04740812241369417,0.0023251164926169016,0.0262332135441568,0.09710701203348447,0.007655419325495593,0.022010047902749484,0.09791440067648578,0.27038439210263615,0.023678262177120792,0.002148150854134398,0.044603119004814895,0.1300831554426392,0.1159890422472497,0.008485839266863785,0.09637037675804663,0.05540600655653918,0.004767486358776677,0.13358861782242118,0.04548235506209987,0.012523065816419774,0.0033033623156777216,0.07978585909720226,0.005233740565266847,0.0017202721095677513,0.008275559507017922,0.30067975156997023,0.17176164835808905,0.06987308237573078,0.02365113756477916,0.011594761163073414,0.003305926315222265,0.008423466811724015,0.0315994826989634,0.016562537963083275,0.4771925804167575,0.16404794723725402,0.1521905986103952,0.10872579422173047,0.23879685545936297,0.00541657033271238,0.5106832921057906,0.002917920797477244,0.10597478402859394,0.031207372275865012,0.005074213414026278,0.003299170826469574,0.8813975207323183,0.06826089282085665,0.003368076223302349,0.035223592812413745,0.03948032611346383,0.3183654700608902
0.008027088053148215,0.4625910413676443,1.0,0.4068623615172813,0.0256660553364762,0.3749039254185229,0.05814674718045611,0.0634342291226241,0.04439679230472725,0.4167520481835575,0.3422906405322098,0.2787623443245885,0.03679725179190424,0.01914405474104145,0.45271159527555527,0.0021945976960586165,0.0010050547918055968,0.4101387590183222,0.010081433402457186,0.13926634395293858,0.021576963313708505,0.07233315182799543,0.015785663851001344,0.04406414693208473,0.005852659150262871,0.28136435986918384,0.003982211938875553,0.00019325556006135377,0.09811816796446074,0.0008174298662088381,0.05623898231046976,0.0051709651866121325,0.0022315413993026522,0.04072123358480688,0.13736394971126076,0.08220726177759632,0.04438043726993173,0.0006356916445674962,0.045922031802643884,0.07490505194285782,0.5854001129628774,0.002916723109502477,0.01227668795160288,0.03244467518736213,0.0005994716742997404,0.32959013814336835,0.0860348658458629,0.006347724823545778,0.005031170075648988,0.15393303426056865,0.004441962677395417,0.035158288386916814,0.003424475557256874,0.1090583993734863,0.43550458134241454,0.12193876050720623,0.00633108971263671,0.003331898390251456,0.0014896707779414764,0.04083499303152714,0.006850069983302405,0.03426243287645074,0.12648543459868677,0.06505318791872486,0.534453613110307,0.1250527214766351,0.33271704136184227,0.0020354368470474277,0.23868450917805878,0.01614608107384187,0.028518344083227114,0.005729300496263584,0.005534247406192266,0.00036379906960219623,0.3978635536973069,0.19182058952730807,0.009433687483700208,0.030017066834584275,0.04520030979333218,0.5479411606828928
0.00517955247216928,0.2305625815590438,0.4068623615172813,1.0,0.0166604789860907,0.15898339650619686,0.09636062807109919,0.13069124389182957,0.09541810351770377,0.1918062735821298,0.08468218626300994,0.1348613318850469,0.07561590881548869,0.06007773473914652,0.3587810901866732,0.045012167485187334,0.0028223205870755858,0.23679457759728642,0.0001477527585128352,0.09467976798087033,0.05005996676340273,0.08663474493571828,0.007086340379408712,0.07047874017086628,0.0003731085621369113,0.14761715107284423,0.016617433854817037,0.0005896922095610374,0.0467077686179328,0.00015903025665385363,0.15011572486563396,0.03177120190698591,0.03591184446545906,0.014038492955897123,0.11957383120580327,0.04908946799909211,0.022370556295432508,0.009937419325280939,0.07586842594837405,0.05623518315299079,0.19302772896519343,0.042856050687976974,0.008177202403446134,0.056540280576887154,0.010507131009513728,0.25145900389284614,0.04642660192329327,0.057083514140426714,0.008547270588554697,0.15996535152186822,0.001870796828869386,0.037393211024769855,0.016808518722303628,0.09391172703326864,0.40689602098566324,0.07903818565819397,0.011500225357044713,0.004322880456521962,0.011828407895955913,0.005666985537538584,0.008259100157158406,0.006708307511490987,0.030424278882914203,0.00789792981425982,0.17184508408734553,0.06895930764543783,0.20316587054530258,0.03129609530796132,0.15666556920251734,0.028864230954367995,0.09456682888244843,0.05797688070558345,0.06482974754293579,0.006627989330885022,0.33247071864765,0.11584178615208082,0.010214819756968217,0.046078609800196076,0.019791454626274015,0.5682351626483804
0.1661254660646914,0.03291979164044834,0.0256660553364762,0.0166604789860907,1.0,0.04361537646813127,0.09070174721208446,0.03935494164927548,0.06511536178128681,0.16272201181382723,0.11802669259496426,0.0021851671331365747,0.04960979039458218,0.06251538170731967,0.03995178988890402,0.00023441651243493773,0.008973264629364429,0.06100749549397869,0.09536575383478937,0.05329883899861551,0.15340680657105288,0.06567269654068716,0.08820547170554492,0.12749147504391778,0.0660527497029976,0.13031557405577615,0.09207608745267633,0.2788026501284648,0.1909461523215971,0.029385400427649824,0.012678363340991417,0.03226216554727324,0.0322743974675149,0.3147964140305455,0.40628833491536737,0.05498284699351923,0.43852802021520926,0.010387799174033855,0.09085908686526566,0.25834867368128206,0.025993136722379268,0.07466462148887251,0.08372730698778418,0.2569275462920902,0.08027939342986258,0.04058400470249064,0.13017808039547135,0.02576529879211241,0.187586980221682,0.07985153545393732,0.11599719232307866,0.025335010045599335,0.5942897370752377,0.31005067623303656,0.0007111604056896296,0.5671559103956355,0.20555835040065673,0.08408182986578856,0.08006205238487918,0.06489864438778956,0.15392098790611383,0.28765555190403097,0.027642724058291664,0.044795076550449175,0.06817719215364983,0.5022085957776726,0.16458398584704814,0.0036857873017714085,0.030873952918425988,0.08082529616483668,0.10732364952021732,0.003564046781698017,0.005023088182639826,0.08570577546712752,0.04538824068530096,0.06087086528640978,0.06262358253838977,0.0341959774626126,0.011076016457556646,0.00989692447918624
0.044690361957357344,0.154776088130182,0.3749039254185229,0.15898339650619686,0.04361537646813127,1.0,0.5927580207165736,0.07095648066336696,0.36157623149591334,0.3993417703259312,0.38110219869947415,0.5102117127551385,0.08641359760056122,0.10260283489889052,0.268937909509342,0.013329625475337637,0.044414757096267736,0.45824977986373056,0.050311365557134224,0.5190227248876801,0.07533627331025013,0.4789085061182168,0.10641745191543808,0.014367729688488384,0.019498618434094207,0.8645996607782689,0.10510484600746063,0.021331655844326457,0.3765833473846376,0.04890581081701088,0.23166228274002068,0.03143842673216693,0.07884884004596936,0.13580987051336982,0.3520919317021656,0.09044640043729701,0.12814481615528353,0.1088710867308328,0.3825632411957362,0.09816745678004125,0.29981066229699643,0.23258739497100125,0.06353615250167563,0.0939619672203742,0.05733881488530184,0.6007683755862886,0.3701781181206908,0.4062858557817985,0.020659763682421756,0.13770708598810202,0.04796703153538198,0.5252981018578349,0.022870891376253165,0.08883131282656265,0.4142826111130336,0.08545253040420063,0.059825320439194606,0.09764342951198127,0.0024843199875491653,0.14311135242544226,0.07660484076286037,0.07996568699163556,0.11405199101638344,0.14433718594974929,0.32252877263094903,0.18053749085945967,0.6381782486475724,0.05609987454499826,0.2511404890566576,0.11700932503612886,0.1080441956681466,0.12309984791402523,0.14173411875716635,0.011307449279190921,0.17944493598997352,0.6911159571614508,0.12821238136719068,0.12935039084155686,0.06520803039955404,0.5525430585154448
0.053389832736429256,0.04837024728290062,0.05814674718045611,0.09636062807109919,0.09070174721208446,0.5927580207165736,1.0,0.13988276158379995,0.17373219893873373,0.22055784265863118,0.10093603895455115,0.29846926490643316,0.16565990950847548,0.3178933025323654,0.11464741856020526,0.09821098307499132,0.16721861823322962,0.2282247169968638,0.0875249539847533,0.5059514351750468,0.19771405815194643,0.6870627071134869,0.17484958210564994,0.02384380863612805,0.04386178298940679,0.6274736702436793,0.36064805879237055,0.11566019716855937,0.45750224179586185,0.1443208244225178,0.2647215921314352,0.061183407799558776,0.20091847204131866,0.07049729985865272,0.37229303963977983,0.042905059258956546,0.1955189732886997,0.4167316660401918,0.4984000051142854,0.10388959004128882,0.057400433622712514,0.8258547117980625,0.10388050266595207,0.22427160707953173,0.2678598604546491,0.40475159838050095,0.24710314614054243,0.38825115676738176,0.0322836404088329,0.09355048556614665,0.11234774502383126,0.2780608389826443,0.11319906502940032,0.09164506005761341,0.14993870990823624,0.0627662490929886,0.14081452576577072,0.1845994231614327,0.011830328639945722,0.13538005229367886,0.13511463540781982,0.05260094762577972,0.06306036500454647,0.020016765708097878,0.09667522397560756,0.1556436371849762,0.46370482696144855,0.25175421261514125,0.18276725917054967,0.24195658576664766,0.30389376296902604,0.3947198504347404,0.3118098849827978,0.07190787740691891,0.0860395462742799,0.6182293950070462,0.15190938251048092,0.2180092711837213,0.07398412250080912,0.26763809675985545
0.020524430738262375,0.298386238729939,0.0634342291226241,0.13069124389182957,0.03935494164927548,0.07095648066336696,0.13988276158379995,1.0,0.044308806906551125,0.2893924170568287,0.1889615036048049,0.25856593934771177,0.18702046885850973,0.5110417727378274,0.12531605728347345,0.539836461173342,0.01968658592907432,0.07533618216723162,0.0029935906065243745,0.036915037212029,0.21050533345297306,0.03081693428861163,0.017138921854995725,0.4255850453482565,0.008781023505507149,0.0708972803724518,0.08344908485534414,0.015042500150856857,0.16170557833244956,0.07976400540062065,0.08525668801649837,0.577001617547535,0.0213037495438689,0.017227657975624797,0.14789336059777536,0.1602163437123784,0.1334108559065974,0.10348092631543813,0.24088006093034517,0.39821470471496234,0.014619758801562632,0.07872153809379748,0.31221396523710004,0.4743373845096608,0.16781194660055523,0.011211951813581214,0.10976736622049242,0.02725685525644737,0.006465643925337088,0.12622604118902886,0.02468814758370583,0.024608263264441006,0.061755690089922134,0.6251161720659666,0.032686856535792154,0.12732549580763491,0.2746652823069949,0.15505669526653443,0.015306743660851019,0.06735885950923036,0.296436615321075,0.02935117937865003,0.36477753448777966,0.09101030634329349,0.03512719563494679,0.18698203688755954,0.2559748430915165,0.277432158291285,0.7302553007728942,0.02351948645817727,0.7620730145767446,0.3859305564573656,0.04031943422797091,0.2080675109253215,0.29454173067696177,0.016284981353234324,0.11861799748574581,0.04496343574728514,0.17405877665129826,0.041662564752622006
0.1514576561125424,0.05567072691372498,0.04439679230472725,0.09541810351770377,0.06511536178128681,0.36157623149591334,0.17373219893873373,0.044308806906551125,1.0,0.023804205851417015,0.24677917592756135,0.18031610877072385,0.00765840364254243,0.06079834324892868,0.06026445355055547,0.00590447698986119,0.032560246215160786,0.16156650340797313,0.034321928623448385,0.0838103695837035,0.011769198449359275,0.05767024687213056,0.015025484168587773,0.07163853446344673,0.03004512332271901,0.4219528171305091,0.03427836264501422,0.009675710497983622,0.1356620378756308,0.016400068722475552,0.03442198357514638,0.02801596003977312,0.00032423383797077084,0.437695387722565,0.34157153025689607,0.05853568572750225,0.012198072460467385,0.005127631815906726,0.44190051511223366,0.0025167586827383927,0.10667725229951193,0.027547463517216545,0.011499151885364,0.2312959594645332,0.015769978534909166,0.05936951195559926,0.41080391583559767,0.4734359295708071,0.011084748861815357,0.030644736014798342,0.006071349353317806,0.6082353374565054,0.007977189552459137,0.03862876195334293,0.05639273937642447,0.0983816614997712,0.011657856187040431,0.06707571496826861,0.012128493449839121,0.13054023977760543,0.05236684481620725,0.09443498544756199,0.022919514110896277,0.14241679472789961,0.07351267032154127,0.3403298506499231,0.4045669298908272,0.0011765353638122427,0.15201678705100538,0.04661697278955453,0.024598545025048643,0.005867205023903879,0.01958589869713839,0.00022334266344331224,0.09829752237558602,0.12624905062941857,0.2807303601755073,0.37687945613752366,0.015723899809561796,0.05605504814664171
0.03163503671902511,0.3261984068887746,0.4167520481835575,0.1918062735821298,0.16272201181382723,0.3993417703259312,0.22055784265863118,0.2893924170568287,0.023804205851417015,1.0,0.5231174880353615,0.1973939579777363,0.14777936528365376,0.10687574350612977,0.10951041890042497,0.06344460623216468,0.007425351901695009,0.15810362106205827,0.07231194263758257,0.47451766369940207,0.10195801794524807,0.3548180121661794,0.1899381152511755,0.14807196369480397,0.038032786261968814,0.3572015295693663,0.07941419418190229,0.03187646821029007,0.4706209474293588,0.02319420995661787,0.1521284974187793,0.17997414558416536,0.14747356422807015,0.09662324715979952,0.2282236769170362,0.16337984736622158,0.46359591528385685,0.030685645617523405,0.11220110037726408,0.5910038810941052,0.19459328654601094,0.06984400843851052,0.18730834016512246,0.1457977323347334,0.04400018329287758,0.5441569097517066,0.19877668392729472,0.017592338431498204,0.08944591911480647,0.4156423204168475,0.12793785849722092,0.060953483721023896,0.08031118213459418,0.43459890247785854,0.13015820405467185,0.24565952653286446,0.2196503259814645,0.05942436682641582,0.04237083356956805,0.14552538744339555,0.14735249209347687,0.17894559766857213,0.1504825997969152,0.10308009568721742,0.28944941255252493,0.22864120728673776,0.33068327497884875,0.05137669280681133,0.42662282127213524,0.06556419961903898,0.26876719726220843,0.10451101168459034,0.06206170400491967,0.053006081290752814,0.27853913626566085,0.44021622124330906,0.05317519984224728,0.015234869609604742,0.042405346467720276,0.44652666974996086
0.0436472007847206,0.228484798392832,0.3422906405322098,0.08468218626300994,0.11802669259496426,0.38110219869947415,0.10093603895455115,0.1889615036048049,0.24677917592756135,0.5231174880353615,1.0,0.20868125538657753,0.06501260209322893,0.03468302726553824,0.05040069825812522,0.006031369989791264,0.02015951977192401,0.08972189552829776,0.04451860722198682,0.23060401477222497,0.02217420662345916,0.08505317272079724,0.03398749081825731,0.30642531318671506,0.07750654035257797,0.3254568074938789,0.041535398390528555,0.0034486579799904503,0.3713162665933447,0.001494213460469686,0.09351415482682879,0.22147111691280288,0.002265633253311512,0.27600624737027174,0.21656490738645254,0.15834035425979912,0.11825721622387726,1.48597026769972e-05,0.31951649718785624,0.20368700975790843,0.14058613753036686,0.0030844727775545325,0.015537520071335348,0.2008691327741343,0.007957031849229974,0.17753326724231686,0.5996350045590406,0.14267373186302015,0.12193846329968666,0.08266494123262288,0.013708087875499105,0.19395260839350742,0.003924528437859511,0.37249174259292717,0.07083446006037274,0.29055468513158234,0.06839322003387238,0.11934707073260631,0.023494006704843542,0.0921541779114094,0.2080998173449565,0.40785062861501997,0.09022205592125955,0.230964381808434,0.1768819865385643,0.35111913949183376,0.3299171357422711,0.0154776392761107,0.5069659882445084,0.06763163824901457,0.04589919735159291,0.0008765702507325997,0.022851446907949404,0.0032775135393344687,0.17249202255006585,0.1995868539308667,0.17400262378509931,0.02310149459417802,0.024983306175252226,0.1923589133077726
0.003449146316563149,0.30227328798482717,0.2787623443245885,0.1348613318850469,0.0021851671331365747,0.5102117127551385,0.29846926490643316,0.25856593934771177,0.18031610877072385,0.1973939579777363,0.20868125538657753,1.0,0.07471586991643273,0.24013404216328216,0.25314128170364336,0.09980010972778784,0.034491793762315204,0.2892417265335641,0.001909287006104294,0.11665068718864108,0.05493927073747001,0.11984277510487272,0.003700912736593278,0.09541010248132158,0.007206820594388322,0.2995715767134619,0.02934243991164514,0.001018096169501432,0.07192966432770334,0.02992346667474981,0.11289458957324353,0.09306247334668168,0.02718362157945956,0.002751928588226138,0.097988841197552,0.11987120889914854,0.016422185500444816,0.17543718411961623,0.2734482510380248,0.052782271198049596,0.0875688143885839,0.0968258413653883,0.02292747332544089,0.1839598419296978,0.04250496909562976,0.19332063407317954,0.10870477687220707,0.2002325657367301,0.0007462439370335724,0.059261165240031125,0.0018538824447576958,0.17357803178186917,8.386253715298109e-05,0.12136900367321111,0.49790758273218033,0.019284809556251815,0.033423903648393274,0.034256730100673066,0.028829396402237625,0.08001316083113681,0.05458844350113038,0.0035397200207467902,0.1663682881665095,0.04286679223147777,0.09010072481688253,0.06685778360981882,0.5036922564842947,0.11614636210274293,0.5125598373754796,0.006572975228256607,0.1979270724980947,0.2401781403416706,0.07730719202335848,0.009327076412843837,0.37402408752058564,0.15988948434741762,0.09649330253740794,0.1306634343625533,0.1949659918079598,0.4246761876891092
0.009969228005737152,0.03389139036052967,0.03679725179190424,0.07561590881548869,0.04960979039458218,0.08641359760056122,0.16565990950847548,0.18702046885850973,0.00765840364254243,0.14777936528365376,0.06501260209322893,0.07471586991643273,1.0,0.27124041482226535,0.14803938964412797,0.11198929338302897,0.08483723016511262,0.14126375779252698,0.0034428457760890775,0.04041695372058412,0.7321008346615988,0.08469687844635673,0.01518649239880647,0.03944218535539361,0.0009115755201732697,0.10315799688098332,0.01211303283699353,0.013665199904506686,0.08096296771475905,0.032247034967709615,0.009737485215334104,0.01577474119307007,0.03801432699703005,0.018020402546078885,0.13522513889067442,0.005726375523792213,0.0874487322468452,0.12004777498997067,0.04178831958058313,0.11387055526563264,0.05201149364303494,0.10259817563597745,0.10704399861156798,0.10841565481456655,0.02934617403616812,0.10219238216435275,0.02384515444459832,0.007670095930092793,0.0017304799249593307,0.04547716819957549,0.013531216221326478,0.014537722621460487,0.1620143381863412,0.11493442116416902,0.07029794250295499,0.04284188206178794,0.013912324222082972,0.018631511478778052,0.001520036358616261,0.04372421107580889,0.017363592390022383,0.002862513625743811,0.13034168312223263,0.023948503278256227,0.0533928853770491,0.04809218808946258,0.1360509094640502,0.48746556063803803,0.09464623048641739,0.008371883062141596,0.35008779512657107,0.4514883173305445,0.008581080466264806,0.10001368451666406,0.04816361639766825,0.07835189604864054,0.015110540814974864,0.013859340231251483,0.22398680241583419,0.10604123559253542
0.03652530871451678,0.04002829430933146,0.01914405474104145,0.06007773473914652,0.06251538170731967,0.10260283489889052,0.3178933025323654,0.5110417727378274,0.06079834324892868,0.10687574350612977,0.03468302726553824,0.24013404216328216,0.27124041482226535,1.0,0.0777420980714133,0.6422167001314686,0.15550861408767624,0.08722983488092036,0.011367840112779967,0.04889633363302081,0.4309072781425846,0.07352622920989985,0.012644828202303572,0.08439982808952728,0.017906139709812946,0.11875214750538085,0.1377466732817866,0.052650798261614735,0.13926194101768846,0.18398525530244753,0.07652176373760458,0.22872828362114553,0.028789800637268555,0.017007116874588814,0.22006565479073523,0.026599039857969808,0.08676791535747776,0.4570603813332379,0.38226148176850805,0.12824475874878274,0.01623269104337961,0.28317057458057915,0.04119212753283778,0.672934293560697,0.3690926652459794,0.027035436467673268,0.07642258628376006,0.0904252107816024,0.00729098915338238,0.07072353396398813,0.014548822042182497,0.031671254489964294,0.1406525042511839,0.18020208760775835,0.03528182313837421,0.05798599863515691,0.18931384039630691,0.16953043564756504,0.0006983936052126715,0.3101662582399155,0.206344909584727,0.01555516803119308,0.09667948096075443,0.0017688872346629328,0.02043646012854338,0.1433858990511727,0.27768643572984497,0.6763807654571174,0.29752357954518077,0.037020965128386485,0.7107899117291616,0.7232032385383776,0.061521484399652125,0.13271615100025258,0.06482846292979765,0.0443697286629922,0.24624013213510249,0.13625342802326604,0.3405229391503092,0.04524941900206257
0.012882029240420518,0.1856714179397754,0.45271159527555527,0.3587810901866732,0.03995178988890402,0.268937909509342,0.11464741856020526,0.12531605728347345,0.06026445355055547,0.10951041890042497,0.05040069825812522,0.25314128170364336,0.14803938964412797,0.0777420980714133,1.0,0.028686340172944153,0.0048384603806404915,0.836539036987744,0.010184797518014295,0.014098301329174832,0.13539521038559718,0.048498214191657577,0.00249622279993359,0.1328759967405151,0.000347756103122632,0.2890104553872291,0.001437286713804944,0.0030000341058806336,0.03736838638901723,0.0006058913550814117,0.036448134723579724,0.012597643351222213,0.006268877354196663,0.03292172395185796,0.23002879159377534,0.0799901550940949,0.03970966029994877,0.024083337452361474,0.04052013592582599,0.05554018392967582,0.5007068512445526,0.03660880919529063,0.012919039518099142,0.07608993545444517,0.004447420107485248,0.1641043332448447,0.01690045240785619,0.04893303255200739,0.010908245101693161,0.04448067860676516,0.0005340472374118561,0.09035681078947683,0.04016873913933445,0.10527041805726291,0.42169798837558514,0.09681900528831784,0.005786342550552279,0.005297302823762633,0.008805982006073621,0.011963190661955447,0.005032399731387355,0.0006964100079452553,0.06582537145513136,0.005623848430712922,0.5519090616885254,0.1333383972258837,0.4191184552603686,0.06671323000317286,0.1606770355556917,0.02154268748514821,0.11086882671879321,0.08600625929927071,0.017123001734172926,0.0030337895039705036,0.15828503141592012,0.09749925321915678,0.00044508832746027933,0.06667511913507913,0.07697830624175903,0.2997654331136952
0.0005640986701643437,0.02826081314848727,0.0021945976960586165,0.045012167485187334,0.00023441651243493773,0.013329625475337637,0.09821098307499132,0.539836461173342,0.00590447698986119,0.06344460623216468,0.006031369989791264,0.09980010972778784,0.11198929338302897,0.6422167001314686,0.028686340172944153,1.0,0.050784784081251554,0.018637590868060834,0.0021759981960316256,0.012007808387675699,0.1416781279509022,0.007296935622142849,0.0017663484191122979,0.03481704829832535,0.007422320906607584,0.014548875439205959,0.14069019745484673,0.008980200293054259,0.08653509269988094,0.2038330384246542,0.08429091110910321,0.37481253907257267,0.020681491553372885,0.00027035583879262597,0.029051752574469156,0.0334172172764052,0.04373508485128875,0.27910657360710894,0.1852589712428785,0.1432488755070644,0.0004459345125608394,0.10328880525216996,0.12245493637382315,0.32148114465166605,0.3900935545823255,0.0016608057466277733,0.027972349187947238,0.027534818110231347,0.00020839790370055642,0.07610701344037149,0.0022688983768243175,0.0065458042634899925,0.005191351879589627,0.12969782377137737,0.01361965209605222,0.0065187515174161825,0.29809262991810476,0.1925990839128654,0.00869866155723855,0.11064124376720577,0.2718918711871379,0.0019344955142717821,0.07052056822203807,7.2917795606067e-06,0.002649329054443412,0.020859453923376715,0.0646050689496235,0.4995668788289708,0.19697939172370074,0.025811603707704345,0.6755621876679174,0.5489671156705583,0.0765813575602889,0.19004311038634794,0.04881140696473877,0.0007951611717710827,0.11279079380517952,0.05956695930721576,0.2007723127667116,0.00679778005241549
0.007275386587364628,0.0008518611895983652,0.0010050547918055968,0.0028223205870755858,0.008973264629364429,0.044414757096267736,0.16721861823322962,0.01968658592907432,0.032560246215160786,0.007425351901695009,0.02015951977192401,0.034491793762315204,0.08483723016511262,0.15550861408767624,0.0048384603806404915,0.050784784081251554,1.0,0.010466506910494146,0.0037330504172233543,0.02444909422758535,0.09495761118364521,0.03640277187970598,0.0023038742889623315,0.0041847857445858685,1.53541707480481e-05,0.03546233792633115,0.04310735523901445,0.008206769046594734,0.05817135666627656,0.0016489347245830918,0.006158612809762225,0.005487124586962191,0.02184213309413239,0.013908375758669189,0.026295352766376043,0.010377249153158005,0.010705904118747132,0.45422882975843043,0.11120219505385595,0.008206910993595273,0.004977561263524584,0.16452772902498317,0.007285297414632269,0.061933214113112124,0.03364150329854569,0.00996426038645892,0.04291531167862424,0.13127218143899536,9.109687388475173e-06,0.018446439194753927,0.0013765990613187876,0.05687541135858632,0.019401674980716745,0.005028801202259785,0.009549387946178737,0.0034128807256938068,0.007607797057270747,0.043265689586348396,0.004051633255336791,0.040565545498588304,0.022819407970550216,0.0027324680745356316,0.0026643282858360012,0.008165318115872856,0.0006340158358905554,0.010534293857322173,0.02602037650214413,0.20755332515946454,0.013254174306091122,0.02922436371868531,0.057876113560526306,0.21099795270980914,0.01615213336053435,0.00041273967300443074,0.005131593809974229,0.024683946997779926,0.039617815893082546,0.03654632459624271,0.0540386874070729,0.010041281285657021
0.030930242310521914,0.14655295180516184,0.4101387590183222,0.23679457759728642,0.06100749549397869,0.45824977986373056,0.2282247169968638,0.07533618216723162,0.16156650340797313,0.15810362106205827,0.08972189552829776,0.2892417265335641,0.14126375779252698,0.08722983488092036,0.836539036987744,0.018637590868060834,0.010466506910494146,1.0,0.007999225032787452,0.04502018329918442,0.15816289774385497,0.10918840224456061,0.02362151781178327,0.05454221847047239,0.0021660767531338602,0.5510045837395683,0.0007783197349526847,0.003985483791921082,0.04614373473274816,0.0032392237560891967,0.037029681767972424,0.0038172328416635126,0.025115245185826852,0.08505387163773279,0.4185806467166314,0.07253774239871699,0.0397980236429713,0.041419546749884906,0.08095540586804943,0.03525513624265647,0.49944737704880177,0.08018406843203796,0.011115059727923435,0.07786948121661144,0.004040099402873004,0.2846935821140241,0.03516420673239575,0.08735342652941867,0.012494620982302258,0.10423498376213101,0.011099275734356024,0.2002253411438171,0.05380486242349237,0.06447251785151893,0.36451856327513943,0.10862101939079598,0.001283518196393475,0.0026478665203812967,0.004225876620121931,0.02558569689634098,0.0014931093013250477,0.004774982160622344,0.07848831532481731,0.021145599382192504,0.6113012145200666,0.18812733042570637,0.6305664864281804,0.07059848941301317,0.140594978828943,0.008216134929369115,0.09611525451988337,0.09282844094231936,0.013660476317589034,0.00021770280170405835,0.11835665005374318,0.21003095565626698,0.005798305778449082,0.1601874231063734,0.05531941818054447,0.3228362129590994
0.0006844019350518101,0.0003189763965640644,0.010081433402457186,0.0001477527585128352,0.09536575383478937,0.050311365557134224,0.0875249539847533,0.0029935906065243745,0.034321928623448385,0.07231194263758257,0.04451860722198682,0.001909287006104294,0.0034428457760890775,0.011367840112779967,0.010184797518014295,0.0021759981960316256,0.0037330504172233543,0.007999225032787452,1.0,0.17831271754802933,0.004568176560054556,0.1833425813713982,0.1756212845162165,0.004862735038290966,0.31554389652627335,0.11702787886270472,0.12281747310029224,0.08873313715561432,0.2060731667926826,0.034296664437816066,0.0780958316930858,0.0008703014894611762,0.043967774258156886,0.12711054460725169,0.09158094938933153,0.0003593787462938018,0.1410150764745945,0.006738850275739397,0.06835599056196488,0.024558260578369146,0.05281075203875392,0.10119054480544946,0.0011652866243064889,0.032581480573097746,0.04310921794990229,0.08025732471576708,0.12825392591421814,0.057007020817815966,0.10257474852118834,0.026212612848846087,0.09205460523701542,0.08301544999007504,0.052567383665230845,0.012232042568469804,0.0014761353537058636,0.03163415045273571,0.020448824288410827,0.04882343919916984,0.5200245465966781,0.010727202503162054,0.01803753650895832,0.12489701866464509,4.578176868414635e-05,0.005952142325293208,0.06884926341277547,0.0581980017322101,0.03415941961660367,0.0009048517162297846,0.004774574787375486,0.5773030382598432,0.013320150397829104,0.0008683382671988808,0.01251372110478445,0.0002965472387855975,0.006209005314705119,0.20044613433354777,0.04926821006473416,0.020184048588458264,0.0004598426405508706,0.001790734429316936
0.014433384885459134,0.052444629391611784,0.13926634395293858,0.09467976798087033,0.05329883899861551,0.5190227248876801,0.5059514351750468,0.036915037212029,0.0838103695837035,0.47451766369940207,0.23060401477222497,0.11665068718864108,0.04041695372058412,0.04889633363302081,0.014098301329174832,0.012007808387675699,0.02444909422758535,0.04502018329918442,0.17831271754802933,1.0,0.03060229892797966,0.8355217207612204,0.36740362036447577,0.00021130162089755193,0.04898991466645131,0.4429748714029187,0.30356041147744967,0.04902482582895416,0.7126920694000669,0.07877146900264431,0.6158777300120475,0.005443055843802998,0.3435435714780629,0.06931551624914922,0.13646403104480997,0.026030873664831766,0.34663979224725716,0.07965958737660392,0.2421142929178421,0.16282980994303264,0.1291885152435266,0.32586598607774697,0.09756612575289225,0.03784876285974224,0.09301476103701312,0.6985118227124179,0.3229740903812971,0.1899945419103322,0.0730729493363372,0.3148838053221994,0.20837518953831155,0.20496736251122571,0.03217216152559557,0.04264302448754452,0.0785847226660733,0.03851472127767454,0.09651755402454694,0.11167528086959974,0.06584781537546736,0.09765936979181457,0.05082545048969165,0.11433871345031915,0.02540847046626902,0.053773891569475867,0.14230981048506092,0.0670882340937959,0.1836006374786004,0.032942852443060645,0.10598168598697469,0.3659188154068615,0.09803473913738989,0.08593498226744001,0.34209678014385664,0.020929870263964874,0.07435796313879635,0.8536275462198095,0.06348917370858011,0.05933306726568753,0.020584059801483607,0.35497447690484724
0.027010140527651414,0.01655726610693015,0.021576963313708505,0.05005996676340273,0.15340680657105288,0.07533627331025013,0.19771405815194643,0.21050533345297306,0.011769198449359275,0.10195801794524807,0.02217420662345916,0.05493927073747001,0.7321008346615988,0.4309072781425846,0.13539521038559718,0.1416781279509022,0.09495761118364521,0.15816289774385497,0.004568176560054556,0.03060229892797966,1.0,0.0764134986340306,0.01940858943611977,0.027037021958571446,0.005559172988151695,0.12051243363244195,0.0320582197619961,0.06313706805600537,0.08037034116632967,0.0656123853762315,0.01712296243274045,0.027885500132126168,0.0239148452511781,0.02070726171004349,0.2568660698991814,0.0034408270053593653,0.12027455916569775,0.1214991937633324,0.0800267056730199,0.1235757764578929,0.08816593012686927,0.16191240999082934,0.10603879452074368,0.24270772592460613,0.08463564474170161,0.055593093826321834,0.019203362136230938,0.017818353770247004,0.012557679766294912,0.03755066545008185,0.02241043741576427,0.019774544383145676,0.4539704405351336,0.13567483781783926,0.033475312296285496,0.06045141144550816,0.044763640851458814,0.03727307454842727,0.0018079338175326352,0.06886389213104442,0.034986478017552475,0.00018529859371532357,0.09898726342329785,0.007796399800057493,0.0686999558767622,0.08638434602240143,0.18748696898698514,0.4389374675020919,0.07837880707265639,0.006933877339448573,0.4378758891617497,0.3754984872318102,0.008513937523748322,0.17209343352307568,0.022406334903746543,0.062133517592448013,0.03276379011563124,0.04432976801004765,0.1280916626282133,0.04842852905560069
0.023571586548953277,0.039351139787267286,0.07233315182799543,0.08663474493571828,0.06567269654068716,0.4789085061182168,0.6870627071134869,0.03081693428861163,0.05767024687213056,0.3548180121661794,0.08505317272079724,0.11984277510487272,0.08469687844635673,0.07352622920989985,0.048498214191657577,0.007296935622142849,0.03640277187970598,0.10918840224456061,0.1833425813713982,0.8355217207612204,0.0764134986340306,1.0,0.46775016081817217,0.0011973522381134327,0.033374568009532396,0.4978275590419213,0.3564631319177637,0.08036288495806831,0.5514098290815561,0.13966812652201227,0.4680667194328632,0.010955112295020874,0.5209986305653267,0.046109387831857564,0.20370263141984246,0.018455139086969045,0.3647131441331399,0.14081453255908172,0.21300494705836037,0.15503401251917287,0.0790123706688303,0.5519691619448778,0.148676554582908,0.04016348631795396,0.12032541174404685,0.6998012900292442,0.17462446295731837,0.14848952147270164,0.053934160402452566,0.26723499920211174,0.2961334493351286,0.14634373507453194,0.06204847388008989,0.04008771145290565,0.08586860252978348,0.03357303771772818,0.09978861810189214,0.1174939116050136,0.06408667854206378,0.13408495075155852,0.0640387225986575,0.06075714117362522,0.04510940607639718,0.017310744952923427,0.134217960966365,0.0649064945449269,0.23828907650996767,0.07708933746286988,0.07396612120512248,0.35302476297658986,0.12184197324015575,0.15544327138891426,0.37375917736362263,0.05278221179504593,0.0563296478525266,0.8817562485727507,0.06624823151136126,0.09596805159879981,0.024401541062063464,0.3168329855612728
0.003928369968572535,0.011547178740678373,0.015785663851001344,0.007086340379408712,0.08820547170554492,0.10641745191543808,0.17484958210564994,0.017138921854995725,0.015025484168587773,0.1899381152511755,0.03398749081825731,0.003700912736593278,0.01518649239880647,0.012644828202303572,0.00249622279993359,0.0017663484191122979,0.0023038742889623315,0.02362151781178327,0.1756212845162165,0.36740362036447577,0.01940858943611977,0.46775016081817217,1.0,0.001243764701678031,0.012450083552836394,0.17907926364534885,0.13396619789500547,0.03858828552777079,0.24728884271939305,0.02374050407057706,0.11019418817015929,0.005578820754547059,0.5050382862306979,0.032011681561730856,0.11422551860086158,0.004689190032157029,0.4257577886075563,0.004230160997202546,0.03783739428781956,0.10611878371394834,0.03404632106540367,0.15943320661043464,0.10090014667135887,0.013061424958015178,0.017631647652339884,0.3305919456959226,0.05360759830577358,0.011141352348949779,0.11084481096140149,0.31926650668253215,0.9140645444226543,0.02706919110108969,0.06746829603655341,0.020870928415363924,0.0010033832251867723,0.024935385630509344,0.03243544353121477,0.01028378618157393,0.0835034440212779,0.03381571477043163,0.007085718869285978,0.075151344820509,0.005776312109147882,0.008816245868796186,0.080984971219435,0.03825555765948144,0.07374440314856524,0.007093043351963427,0.017080907771998815,0.1593411464940444,0.04170704024217361,0.015283248874097464,0.043809621673742465,0.007456984193433547,0.00795350845062789,0.4149692729116405,0.00261526433508126,0.021894277752188995,0.00013646546500594605,0.032789722812764883
0.13173024869738473,0.25665928207840655,0.04406414693208473,0.07047874017086628,0.12749147504391778,0.014367729688488384,0.02384380863612805,0.4255850453482565,0.07163853446344673,0.14807196369480397,0.30642531318671506,0.09541010248132158,0.03944218535539361,0.08439982808952728,0.1328759967405151,0.03481704829832535,0.0041847857445858685,0.05454221847047239,0.004862735038290966,0.00021130162089755193,0.027037021958571446,0.0011973522381134327,0.001243764701678031,1.0,0.004004806667474187,0.02152649629886061,0.007292720939867398,0.002940893767205713,0.06499516615606091,0.008258194758743315,0.03231977322489546,0.2750750507234747,1.2342144711797344e-05,0.08892126880989942,0.15308781408618913,0.5776011013286279,0.048469655910158026,0.003177653262726628,0.13946770246608695,0.18268444801344727,0.05570597099859242,0.003966696967307131,0.048692101364443977,0.3178007006294349,0.01098224932273934,0.0028006892120395737,0.11673768667443316,0.01150129339245219,0.007059063261751812,0.05440147628328185,0.00240665970853304,0.019072419438852056,0.0219029513169653,0.674667977158965,0.015104654572303141,0.4425047919595426,0.0393139471988428,0.08412868055174215,0.0054240865186992206,0.04822184849658555,0.16152251899630646,0.088282242726467,0.3733904330334235,0.3408967436150659,0.0294117987841844,0.4261861244309303,0.177725284543726,0.002881094564490234,0.6006491410116477,0.004530630801806851,0.1181281082237122,0.013844753077281387,0.0014785102498120733,0.001144965938055281,0.15028850820745393,0.0041797315656113936,0.12189002150694489,0.04077654536190489,0.03124160079927807,0.0026673567763627623
