0,1,2,3,4,5,6,7,8,9,10,11,12,13,14,15,16,17,18,19,20,21,22,23,24,25,26,27,28,29,30,31,32,33,34,35,36,37,38,39,40,41,42,43,44,45,46,47,48,49,50,51,52,53,54,55,56,57,58,59,60,61,62,63
1.0,0.17908536929487048,0.17278493709384132,0.09055045892816083,0.03932578581069798,0.12253457868810523,0.20939171354193434,0.2318745676450035,0.34058553589579604,0.06856551204881725,0.32404938910957126,0.11102312099890886,0.07253258265252592,0.5950315874742937,0.12022620326078001,0.13481853763198837,0.16254249346761163,0.2597714182330684,0.4125596802907144,0.13737272858918345,0.15394913775906,0.10178630856021914,0.6187626018576203,0.1325281838619634,0.3904102845976381,0.5136289092198562,0.16534459357723139,0.0751250666179525,0.16338708649848774,0.24242841884116348,0.5187041614177449,0.04074863122868585,0.1808524577215105,0.4546485166665144,0.06473412279759409,0.20335350590031495,0.28656555833273795,0.07369222955825042,0.08086730098093278,0.04690707490329865,0.24622160025981507,0.07961579844073442,0.08589517598011935,0.14962014955948466,0.030367608507622327,0.3356711662469096,0.19926470646346553,0.09078663423091586,0.7027749303135674,0.048904761633027975,0.3565591840768065,0.5014578346160495,0.09634719337725418,0.05672575821371209,0.3250921203075461,0.1211007241234263,0.10367740347985724,0.17451559735032857,0.36637732393308386,0.8414486591851791,0.020822075115532506,0.3501216344082706,0.2148721061318411,0.25155390121132476
0.17908536929487048,1.0,0.0181498578401407,0.018153686534481645,0.0021020382916954825,0.05456893387716344,0.0895329972197259,0.1527516514710973,0.2850080827891965,0.07274276039178458,0.01780957114946038,0.12420668107637653,0.13626262367156944,0.08053253502580841,0.05711365568363379,0.06126046111034926,0.08379452076181035,0.1398358975201952,0.1058612145071387,0.18150194681446982,0.02046390961498856,0.004107982191637747,0.10318248634372833,0.021110482618061293,0.09539013828025011,0.04871203874542765,0.047448028007636575,0.13139681924926028,0.1911736227313476,0.06133089402339975,0.049281919465681445,0.04435406822349839,0.0824272779459724,0.009907391643339265,0.010541927972634058,0.03479016981673548,0.025387928604359036,0.04380949361241827,0.03438900340936442,0.18549248757915732,0.009672986926444471,0.01798420228563817,0.045016278104511386,0.052286812914089244,0.021585666808138313,0.37438832363143815,0.007977370739955282,0.1301119628693229,0.09699145163094192,0.0012997819743684057,0.12715310992120898,0.14631447663860536,0.06687345848644995,0.004245713750053393,0.11849296236978275,0.017638856993381222,0.06032976514735033,0.0208063140492365,0.016463702874374063,0.12416334556516163,0.0015201503788115297,0.4036516810778348,0.015993358142861656,0.09709018219102061
0.17278493709384132,0.0181498578401407,1.0,0.03174599108416463,0.13016810822986488,0.00027806926319947056,0.009611959068318363,0.19818895830213282,0.0068013390993276876,0.0537186662598321,0.031805594735873216,0.01737285753764345,0.008281315485034472,0.4533618351804737,0.07584315018371299,0.03698219995656078,0.0007688762499940141,0.033234668986334835,0.3728567814975438,0.0550435088332137,0.0076702716329706995,0.18178410182180535,0.1987090506560271,0.034084740759145436,0.2982581978909882,0.03495912957822057,0.030494783733398645,0.008416615477031488,0.009853550848322878,0.00021596571797009091,0.3599983413223768,0.0006093760439053655,0.37998193855133927,0.023060312427885445,0.009350080483476486,0.39715056643581265,0.04910195315147117,0.02247378650489799,0.004948323175037366,0.0009572941515834386,0.10263729360527143,0.002283181431762621,0.3057094966171188,0.04976473039511912,0.009181374895343748,0.03201055273380542,0.016585218315618544,0.0014862473912947583,0.37387433238317547,0.01763041547250413,0.09601853291855247,0.055783246160695084,0.00455947252913936,0.006475574086289548,0.003265935371603895,0.9105505510837415,0.10675174053073065,0.005098676607644501,0.10052558337654388,0.1356141917658569,0.08154956167371542,0.005913310847234818,0.017269528613308383,0.014203755621482681
0.09055045892816083,0.018153686534481645,0.03174599108416463,1.0,0.11480076171321874,0.005922979621086519,0.04355165832268396,0.13156971398750128,0.024930595957618307,0.051649754070490946,0.19175940360740062,0.08344216575934987,0.016782281841556973,0.12382864550154601,0.3805490032501891,0.2909840152790699,0.011235775706401276,0.10943788304700076,0.052572142899414386,0.04039650582121444,0.0937610483418064,0.11466959496081368,0.3342665029588823,0.0432543403073287,0.1746151875780035,0.2040590217355158,0.616816046230478,5.390140772546589e-06,0.018276539082140848,0.009843971082239882,0.07675139307931357,0.10952944773329931,0.08352594119791705,0.141382336104612,0.2781035380618113,0.0011657595126747199,0.2751339151586573,0.3406023684497718,0.028582005660554185,0.008506833725683664,0.019811747454358892,0.01617601517186013,0.005160321229951712,0.1673505071055799,0.021272802117444665,0.02286766248357963,0.5430700458095454,0.0006796225630896971,0.044306847256158514,0.14992109998688793,0.4705384306043535,0.20424523039685252,0.003766116851644745,0.06915425202154123,0.00042756491221745106,0.014867558937754929,0.08646424125178981,0.20320361953596677,0.02581639396901572,0.013992011511996605,0.05919336469609303,0.0004295256063861963,0.06547211723487796,0.003619480093369339
0.03932578581069798,0.0021020382916954825,0.13016810822986488,0.11480076171321874,1.0,1.9664042452449474e-05,0.003512889215727451,0.12355978941749281,0.007268530454165406,0.029884132223529255,0.013680535903258267,0.038121223236878554,0.0038354198183244126,0.09455412558149912,0.17805606469845714,0.13748136678730763,5.161110954129022e-06,0.017550695043554602,0.056242911785482706,0.09173499191854392,0.05083045917433349,0.1089806199456929,0.05747964248416834,0.04678328208901912,0.22248581775261023,0.03227431077273445,0.038147893979342144,0.022040303951681783,0.004252025225977108,0.0021954819369831087,0.09106190686735942,0.00937941888049485,0.18008635942496823,0.008921351058070204,0.0010989832571987393,0.027837951676821907,0.1270926139271455,0.053562637379344726,0.009051233542287818,4.86967927311663e-05,0.018724488778121773,0.008188031733830245,0.04298470507544079,0.010740808598699364,0.03368690997153871,0.02077560186059391,0.013408114435727193,0.0005509318390939546,0.0482152393631651,0.2065102756502054,0.07775227806425436,0.027228180542603616,0.00424258042626652,0.012984170346439155,0.0035086414600322014,0.09416549571342209,0.010536951284620098,0.008378675032044161,0.011202828869723305,0.028870704084020843,0.016455136062037436,0.00023920934644347001,0.0027859271606301863,0.0003847564446763028
0.12253457868810523,0.05456893387716344,0.00027806926319947056,0.005922979621086519,1.9664042452449474e-05,1.0,0.07893105044852293,0.07630001607235475,0.026316475257704624,0.10538108036907562,0.1362642899868266,0.008868686434170147,0.04390642873576903,0.07565941133760826,0.004220132452992383,0.0502451763790503,0.01662916717703676,0.1710961115897327,0.16887558134699399,0.0012564730691673914,0.00042131356447313293,0.0026485276672632905,0.08932283031931479,0.0008600426700559214,0.028214125772991764,0.04139690091813118,0.0004357313848338371,7.733242048267282e-05,0.030647267629718523,0.45355437964211737,0.06816332292646415,0.011551914041762831,0.0019353369249655642,0.10419139882733856,0.0002877221295701178,0.0129876078469561,0.03223624377900085,0.0007618169424833005,0.2051787138470248,0.16390210425825633,0.031241711053009352,0.0027189758517248063,0.06599921432686864,0.013493182652094288,0.016843870262872894,0.03400602729311821,0.029097705626620875,0.015616880893625326,0.09525534694749813,0.0020352240312797973,0.001707238108814596,0.18751869662100387,0.3136662096709633,0.014062260426581017,0.06472061494336269,0.0012496840227031976,0.03688126946806011,0.004760325484356975,0.0038755598529660097,0.043967739033598234,0.01884219444144972,0.09335385204151167,0.059750458631180045,0.6228730134690063
0.20939171354193434,0.0895329972197259,0.009611959068318363,0.04355165832268396,0.003512889215727451,0.07893105044852293,1.0,0.37664326101744655,0.34667370309934736,0.031174591284714327,0.105007842372962,0.6047443338265341,0.3582818241160919,0.061850610904988806,0.027110200168121584,0.5038034303432375,0.02149569828666095,0.11505918925874974,0.06533519939210317,0.019024702663402254,0.2323642095190611,0.005366614474762248,0.16400274841353518,0.00869290326362184,0.199532381765627,0.39767137333818053,0.20145413080918406,0.03158478102173432,0.7568476202114856,0.5322435576440623,0.09854677077410175,0.5972398195487563,0.07051990924156798,0.1302146588586173,0.03467445629032573,0.014568110377727844,0.2899020218141881,0.12507051965139626,0.3779326905932589,0.12455113314066252,0.08570844227438078,0.44840473429162137,0.08793551743567944,0.13737271871927492,0.12654957173073886,0.40351559736063314,0.16118466638028797,0.24515432591416403,0.07987164175958637,0.011042857171565609,0.15336599820359295,0.5261168584000246,0.13775518993520433,0.31856210786829875,0.07964949470326646,0.009174342608010371,0.062130153969044984,0.22710475324759177,0.06725057162478484,0.08141821359737932,0.009095442782136153,0.18464647137602855,0.10227920431004763,0.16083290991903004
0.2318745676450035,0.1527516514710973,0.19818895830213282,0.13156971398750128,0.12355978941749281,0.07630001607235475,0.37664326101744655,1.0,0.12135324753310238,0.17252123197129976,0.06667874701821742,0.5072645747810323,0.168911092035285,0.3911329203008026,0.21104566580184025,0.5355381743257838,0.00916177680734028,0.16068329609050228,0.4881777817137173,0.10145054208408823,0.17589489586842838,0.10135613085333046,0.33775488983644586,0.05613359166418638,0.6105396942573785,0.12921791499920432,0.23606934913244773,0.0675755893883855,0.30279111570011363,0.13714636725487003,0.4415728489364375,0.20481863167489162,0.483385710223246,0.01525083579197399,0.05026523923204396,0.14381809378194174,0.21311335833030595,0.2812775364221907,0.15148056431089657,0.0315087398916839,0.13397597735284367,0.20340535329524545,0.3793465232981717,0.17826205517472002,0.13570401622358008,0.2927788249758387,0.03413920145740051,0.0786219669065638,0.34347943333766123,0.057817833245770424,0.22874733268222608,0.3400374225694733,0.14982977443101225,0.19006735469815567,0.03218719838039367,0.156761129059557,0.2801202569356392,0.07859825816814058,0.08893536910208762,0.08194718722943234,0.05800321779858344,0.09199611731309448,0.018456139731249516,0.3398552369008636
0.34058553589579604,0.2850080827891965,0.0068013390993276876,0.024930595957618307,0.007268530454165406,0.026316475257704624,0.34667370309934736,0.12135324753310238,1.0,0.015380784089479887,0.03829276283401393,0.2015289961493006,0.09948074340047752,0.04231105947919902,0.08367191177270798,0.05574103061357947,0.16119186773467165,0.08424986273806724,0.025816694970584916,0.15981505120948733,0.2063527658259756,0.015570539015726506,0.11879418293450385,0.06017190884990291,0.13290501571119462,0.4163837017096283,0.1438555020547469,0.13850144122385769,0.5269018509705593,0.23396693622186662,0.05144429261186934,0.11464036707042145,0.0814734323759752,0.11266009810879077,0.04248867643087673,0.01793752694502267,0.10362559388895193,0.062140206935405715,0.059059947046870544,0.23525794303733563,0.056617140756496896,0.25213967051335806,0.047023523411337434,0.3057157988000197,0.003454872442223951,0.7290615739254704,0.07626213447629318,0.5026937030107472,0.08154977037636052,0.018750538665500596,0.21052836478684234,0.3335764796167677,0.04493150931899396,0.032393517855823326,0.42889707484130213,0.010483807134848751,0.0178406984738329,0.27844005949072537,0.15760743791276846,0.32951666908596855,0.0030687629107561992,0.6948831811327588,0.14688632214657815,0.042346019244543544
0.06856551204881725,0.07274276039178458,0.0537186662598321,0.051649754070490946,0.029884132223529255,0.10538108036907562,0.031174591284714327,0.17252123197129976,0.015380784089479887,1.0,0.11516700680160087,0.008996904586545403,0.046623744728212436,0.22498998086990402,0.025593970461733666,0.1154905191990977,0.004804769927468556,0.4715227435973249,0.31372659077505594,0.011539311790223184,0.0006897455017659491,0.06350432417767889,0.2930775341719073,0.000579695859726717,0.12381981830242944,0.037843557609995936,0.034376923709812435,0.00101988475720153,0.01199626631610457,0.036780586185856556,0.13860709099057358,0.052197630472055105,0.05379791710868498,0.052010128353067966,0.01068836750837475,0.000837555680694621,0.07513843817057929,0.020693683653368843,0.04986256333039048,0.013881606743945805,0.05045478958582187,0.005528854599847018,0.13203493762341395,0.023213640144531426,0.05796141643913153,0.01594885422337399,0.07288593002590911,0.0008963777325539914,0.09224451216326686,0.03196492477313876,0.09523129741155606,0.16714641071550954,0.11819264318542586,0.012329074426287981,0.00263353539459236,0.023111512983078352,0.8029400266816369,0.0019979082523005334,0.0029496087126391606,0.008507661681927674,0.012951078664209536,0.012615486668476195,0.024486663938815205,0.1867904084578054
0.32404938910957126,0.01780957114946038,0.031805594735873216,0.19175940360740062,0.013680535903258267,0.1362642899868266,0.105007842372962,0.06667874701821742,0.03829276283401393,0.11516700680160087,1.0,0.01863022880593356,0.0008379840915697117,0.3110535531739791,0.029348269457802518,0.20752585768643675,0.055277121697191484,0.2424176664687088,0.1420079754825901,0.00820094786773381,0.009189259699766526,0.07240806130469937,0.5298868333305727,0.014725064118646894,0.14021861774660035,0.2703609850094208,0.0994829728302729,0.0001073875647973482,0.032602695145668124,0.17636147081933265,0.24962264322037273,0.023804074251041682,0.017024694749835787,0.7357485564617522,0.031013305101045746,0.004828577670117878,0.3320390613370511,0.021456743160512867,0.024588172005292185,0.013920713509483134,0.15754994284887872,0.009668558079805028,0.003712471490299367,0.019110552212515834,0.0749726843758119,0.032409466921606754,0.5020996200669765,0.006582366963557446,0.19394165519799944,0.03736359613152122,0.17240433609514813,0.3024416627442577,0.04102745742164287,0.009010109122902083,0.029616819415534745,0.011143549417473945,0.06062775695132231,0.049983605303170066,0.04822565552057015,0.1023814310722482,0.00890248632538272,0.022348174345557466,0.14992315771419432,0.09630138640513994
0.11102312099890886,0.12420668107637653,0.01737285753764345,0.08344216575934987,0.038121223236878554,0.008868686434170147,0.6047443338265341,0.5072645747810323,0.2015289961493006,0.008996904586545403,0.01863022880593356,1.0,0.41914815808155914,0.03343979758052122,0.24674294149381473,0.4150252504944196,0.004542403289373081,0.06325184151393402,0.025240122177494207,0.13358272050283332,0.25034677655792587,0.011378668042367184,0.1030850983228648,0.030234812973611375,0.24676570458563196,0.1509095988092961,0.3460455670965059,0.12472480501615808,0.6654081624852582,0.12575608467184377,0.048305547675312456,0.7014240430427837,0.2468014076955601,0.009660765532000322,0.08022200110885935,0.011030170923498082,0.15303037498175248,0.447036177709006,0.18824555949493918,0.040219424442892684,0.0365544051847973,0.4342378917883236,0.08483264796528012,0.04201356194032256,0.3591570510966137,0.441742520835785,0.040767340000681176,0.18109641486942504,0.042766287279237605,0.01525997220634851,0.2206109150694451,0.3139040158093249,0.09262688347979944,0.3189269057837207,0.016654506819854996,0.03286940634094299,0.05056487317892811,0.04522548240506736,0.0542638114032524,0.044212179858558354,0.033637918290333635,0.10401593486935475,0.027190365510080777,0.05638673372504502
0.07253258265252592,0.13626262367156944,0.008281315485034472,0.016782281841556973,0.0038354198183244126,0.04390642873576903,0.3582818241160919,0.168911092035285,0.09948074340047752,0.046623744728212436,0.0008379840915697117,0.41914815808155914,1.0,0.07330979791172192,0.03183020389811821,0.10562290043699744,0.003421044990900375,0.07004349430019312,0.11138522619273533,0.029047565482147614,0.10485744654273342,7.159959849888696e-05,0.09183861062078115,0.0067590391875870185,0.0453399115121399,0.06450791824737505,0.13411929317967983,0.027796883735115026,0.3642388821973859,0.1443623474438171,0.041056054722340814,0.386466235504544,0.025577847991932415,0.0026797616930397975,0.04132360621067405,0.005871557504312488,0.04104015749001532,0.15506046176220786,0.2781509532533644,0.07269927090382625,0.0012684482144357685,0.08757382866075132,0.011077919909825908,0.03839711127104577,0.14412497260787618,0.20079177697703005,0.016893445729859735,0.08965196844125257,0.06156836446449739,0.0004658889508348999,0.1129905909874443,0.2561251205159928,0.03508338586808164,0.45368980286192845,0.01218233597704341,0.004766132858098106,0.06816809002172357,0.07674296804626995,0.012885234479498872,0.02376019967064646,0.005569533580078142,0.08667778493659813,0.017745885767262604,0.13218157105514924
0.5950315874742937,0.08053253502580841,0.4533618351804737,0.12382864550154601,0.09455412558149912,0.07565941133760826,0.061850610904988806,0.3911329203008026,0.04231105947919902,0.22498998086990402,0.3110535531739791,0.03343979758052122,0.07330979791172192,1.0,0.06732018111815961,0.18900309993258957,0.025493033872802263,0.24676019837737945,0.8289447371264902,0.03945526094568631,0.06377624690354315,0.26124118414744507,0.7139651833579126,0.06290684085249483,0.49387269629182456,0.1999890969812202,0.08960453477611384,0.025556604206324742,0.0129327376073798,0.08154533445306726,0.8229038583317876,0.003032285952129053,0.26560377463536294,0.23001520139228068,0.057638756076375294,0.2926257280016189,0.24877590580267017,0.04956052478592819,0.04022760366613794,0.008414822512818094,0.38315198765393504,0.007117590098813397,0.24383229645194446,0.18197474409035802,0.08873220947852159,0.05985745899845546,0.13738816321583633,0.0007705041103086933,0.8364353788693644,0.06004942743487261,0.25233167164104947,0.3086674062489858,0.08260499045879731,0.042381544704450685,0.05846619699567855,0.26406874569654265,0.29295731025340443,0.1023197173560158,0.18825689395147358,0.3562178699520006,0.05944920416144724,0.06161556112777069,0.07101406733756103,0.2957721377153518
0.12022620326078001,0.05711365568363379,0.07584315018371299,0.3805490032501891,0.17805606469845714,0.004220132452992383,0.027110200168121584,0.21104566580184025,0.08367191177270798,0.025593970461733666,0.029348269457802518,0.24674294149381473,0.03183020389811821,0.06732018111815961,1.0,0.15645664774912202,0.009433789891582407,0.07695047694856665,0.03458744317249034,0.6076647522505859,0.1883178655870847,0.0973962228165592,0.173072939955179,0.3184485794942018,0.2841395182347811,0.14582168005090568,0.5742895933334303,0.06316974652351465,0.03494457939628175,0.012919212359910021,0.058121132785100706,0.16132007248918237,0.4725011494900277,0.0347497983983117,0.19050432430328518,0.019702628608444565,0.13178865190077677,0.5833827543883511,0.07066011056110952,0.02456552771896057,0.01616551247271552,0.029533136324201115,0.05612458654697539,0.11543868491055713,0.035914256028495045,0.141116104954048,0.11651535703647897,0.005709139599109627,0.05204058333097821,0.0745741795801173,0.4802234871097936,0.15324082024265714,0.004691018798343822,0.06625084619941563,0.019925008824894046,0.101588266606236,0.06679596842142664,0.10034993530090505,0.08814048147875099,0.07736759212009188,0.09422093975164604,0.0006486752528577809,0.030704823524675254,0.0015013750862598577
0.13481853763198837,0.06126046111034926,0.03698219995656078,0.2909840152790699,0.13748136678730763,0.0502451763790503,0.5038034303432375,0.5355381743257838,0.05574103061357947,0.1154905191990977,0.20752585768643675,0.4150252504944196,0.10562290043699744,0.18900309993258957,0.15645664774912202,1.0,0.023075161308467568,0.10102957345522498,0.1713831716449495,0.009685603595551661,0.24283379671684346,0.05311002764223978,0.3190278966611026,0.006387504638406529,0.4156446514117305,0.3730921330031806,0.3398925255619102,0.0024657603441131,0.22450822671463025,0.1743302212088241,0.23646934770133285,0.3729937147169958,0.13354390492631818,0.18589770090405078,0.054890849988564756,0.003401297991204439,0.6357938787680224,0.292866986337616,0.12657922736000382,0.018454292144706362,0.08610660243289311,0.26209608411232266,0.08524039636674574,0.11380920531874235,0.22781088030947522,0.07381521310719387,0.26921686375277176,0.011754044484129466,0.10244452166207828,0.08230510955037956,0.22081495041209792,0.3670417806436536,0.07640766300991597,0.18044364503238294,0.0009815117805618404,0.01818601357062245,0.1566913370461331,0.2149940735568709,0.045551438531630094,0.009816340866024788,0.025194771557880063,0.004062174274838795,0.034631455466088944,0.16775183594433002
0.16254249346761163,0.08379452076181035,0.0007688762499940141,0.011235775706401276,5.161110954129022e-06,0.01662916717703676,0.02149569828666095,0.00916177680734028,0.16119186773467165,0.004804769927468556,0.055277121697191484,0.004542403289373081,0.003421044990900375,0.025493033872802263,0.009433789891582407,0.023075161308467568,1.0,0.012363123259675769,0.01128699713832802,0.020021959490127472,0.01895888739898797,0.004197461807298103,0.030360651572725685,0.008909139087172025,0.036494042395651904,0.09288427358333294,0.009634626607851313,0.001358950430153751,0.025735816501276192,0.04205058922259246,0.029904850694124022,0.005385113744792699,0.006862963707965156,0.11866339547623701,0.0067433128159339484,0.016932746519141634,0.04797270650246948,0.0025851868400009605,0.006966942500397181,0.04092815676136066,0.005780720652157742,0.007710762703229942,0.011476781287411097,0.04629893387532543,0.009676695110403201,0.06600928923849549,0.019329752115074927,0.03340888084817535,0.048800477448486264,3.3478175656565005e-06,0.021019769042651633,0.03227035508656705,0.0033414548135359897,0.0121173055074037,0.4650990032297041,0.0004780717004199011,0.0008294156360303125,0.03872781604926562,0.045326656675955486,0.19364274261442838,0.007476282901897684,0.24581962705610616,0.036101940173735234,0.013709040261500037
0.2597714182330684,0.1398358975201952,0.033234668986334835,0.10943788304700076,0.017550695043554602,0.1710961115897327,0.11505918925874974,0.16068329609050228,0.08424986273806724,0.4715227435973249,0.2424176664687088,0.06325184151393402,0.07004349430019312,0.24676019837737945,0.07695047694856665,0.10102957345522498,0.012363123259675769,1.0,0.3101777969607753,0.0682602279912452,0.0022169965391845613,0.008360155189872041,0.5963379948215292,0.005964281158611017,0.044362640534273294,0.08285351466114896,0.1931584628705467,0.000958201662474984,0.06366584999511364,0.15016864399620175,0.05842575189836448,0.053503402954861244,0.03878564749897422,0.10372387219308343,0.04771743553774594,0.02337730236121236,0.03545070144436557,0.11881589436854094,0.06027939303027587,0.01930956913478654,0.03735152572995782,0.0028363743327448547,0.1015392569927426,0.033382015547987906,0.02989300889212028,0.09523326061804452,0.190484152464344,0.013030287491622402,0.12989241716109015,0.006977752578033441,0.4216151639604248,0.5846687191928177,0.16927426868684403,0.0756801615406578,0.03340791753066069,0.017231854648997475,0.5745948747557987,0.01065209789725033,0.0008227001172609443,0.0963805538483564,0.0011862974205076717,0.06869312582589769,0.1888757737654,0.23300837087186924
0.4125596802907144,0.1058612145071387,0.3728567814975438,0.052572142899414386,0.056242911785482706,0.16887558134699399,0.06533519939210317,0.4881777817137173,0.025816694970584916,0.31372659077505594,0.1420079754825901,0.025240122177494207,0.11138522619273533,0.8289447371264902,0.03458744317249034,0.1713831716449495,0.01128699713832802,0.3101777969607753,1.0,0.02086149340993385,0.03850044102672432,0.11019982433752401,0.542857133307678,0.019568524649403937,0.37394366627017567,0.10292748565353312,0.05522084430152811,0.017499011121454938,0.01003241770174231,0.1213951320430578,0.6966377144465067,0.0018435073774276355,0.22706821642155162,0.08781592297639909,0.02966945612071728,0.34465513934705916,0.14391199996767984,0.040816440606555086,0.09464558198261776,0.018347945716997074,0.28872128586850815,0.005268827674503583,0.5288477260534116,0.14297380643318364,0.08417340397466923,0.05045854333315344,0.05812304691922459,0.0007379929798577339,0.7158404336187987,0.017250707993258247,0.17184892145285952,0.30224651864316743,0.18706673923041428,0.047243883115261634,0.039279584258726324,0.22637600473866848,0.40332412401141293,0.06070075309115572,0.09436040169686274,0.20381892333916388,0.022884867736116424,0.06574698393901471,0.0386242323710765,0.5353918744415019
0.13737272858918345,0.18150194681446982,0.0550435088332137,0.04039650582121444,0.09173499191854392,0.0012564730691673914,0.019024702663402254,0.10145054208408823,0.15981505120948733,0.011539311790223184,0.00820094786773381,0.13358272050283332,0.029047565482147614,0.03945526094568631,0.6076647522505859,0.009685603595551661,0.020021959490127472,0.0682602279912452,0.02086149340993385,1.0,0.10425746960051914,0.05197758969060577,0.09301244444445524,0.3966604104784889,0.13916673008234468,0.0852302543643856,0.20756508378854635,0.16897187509659564,0.04846180308491139,0.0027675353910394194,0.03340080914339582,0.034116499435571664,0.34143143980573726,0.015588562526299081,0.09439315751798878,0.027189235959984286,0.026779557663542126,0.17195657968292027,0.024350433211536234,0.036212046818986786,0.016260645359007387,0.023402279778440508,0.04507544636432296,0.08518582579684945,0.00033464856290393717,0.23972661101231163,0.018605971967667216,0.0007664994589034912,0.04876270161707348,0.0297873435835517,0.34029310907890875,0.10594183401141517,0.006312774576924037,0.02771578316103153,0.03550310136858847,0.08765361368544207,0.02808691425592235,0.04690802136604279,0.09884731314869326,0.13752185513480533,0.07664955666570161,0.009709251187729414,0.04946230935366087,0.002076132622924695
0.15394913775906,0.02046390961498856,0.0076702716329706995,0.0937610483418064,0.05083045917433349,0.00042131356447313293,0.2323642095190611,0.17589489586842838,0.2063527658259756,0.0006897455017659491,0.009189259699766526,0.25034677655792587,0.10485744654273342,0.06377624690354315,0.1883178655870847,0.24283379671684346,0.01895888739898797,0.0022169965391845613,0.03850044102672432,0.10425746960051914,1.0,0.024072267190385355,0.08406673631320917,0.16999215109208318,0.34572522595573657,0.4996778255762984,0.11699686542522914,0.06858881358992791,0.2837811936863794,0.049137560502207446,0.06152131047111514,0.17322191038153276,0.1754451967296376,0.08322148920597525,0.006339455089046944,0.01773002831546695,0.391313849527315,0.09315518239700366,0.02777258523217946,0.007456703588725902,0.003399992681198485,0.6262906187577916,0.028232889070832205,0.30889882719033773,0.0252234134217746,0.3061195617508347,0.06354806787749975,0.19264002772601177,0.07291000497885973,0.06592448403853331,0.09066628622167956,0.10714085620707609,0.0048554375373654046,0.057136977870774736,0.05419287731986899,0.0129883826393364,0.0025959411416990024,0.5452925934648061,0.3771423798217014,0.1264042093156792,0.03607746678233824,0.07937988011168445,0.04335565236991478,0.024523070223568862
0.10178630856021914,0.004107982191637747,0.18178410182180535,0.11466959496081368,0.1089806199456929,0.0026485276672632905,0.005366614474762248,0.10135613085333046,0.015570539015726506,0.06350432417767889,0.07240806130469937,0.011378668042367184,7.159959849888696e-05,0.26124118414744507,0.0973962228165592,0.05311002764223978,0.004197461807298103,0.008360155189872041,0.11019982433752401,0.05197758969060577,0.024072267190385355,1.0,0.15187715769786725,0.07364287984270303,0.21499554887993724,0.08050100677718994,0.051083292251470805,0.0009671896451461746,0.002938639412789978,0.0031532344905626153,0.21143007511888964,0.0042207788611122,0.12383222561668973,0.0691579926720392,0.004226725825651096,0.047551297504359796,0.10810560698786786,0.027379455830258675,0.007501625116177997,8.799221992470684e-05,0.09661535084792418,0.0023157045272380584,0.055690061408977316,0.0071045739688902435,0.010609227780486874,0.017617234230938,0.041590251289956935,0.0007481983956155842,0.1596243831750413,0.34868905205877965,0.08590229038437144,0.026356157272157264,0.0016085752214161392,0.0016377510548341407,0.008871641774754925,0.08805266163354798,0.06560545137137594,0.047487442268751665,0.09998288221527024,0.08258904229840563,0.5551904793390816,0.0011911372897073424,0.02195653174801126,0.004200664945594951
0.6187626018576203,0.10318248634372833,0.1987090506560271,0.3342665029588823,0.05747964248416834,0.08932283031931479,0.16400274841353518,0.33775488983644586,0.11879418293450385,0.2930775341719073,0.5298868333305727,0.1030850983228648,0.09183861062078115,0.7139651833579126,0.173072939955179,0.3190278966611026,0.030360651572725685,0.5963379948215292,0.542857133307678,0.09301244444445524,0.08406673631320917,0.15187715769786725,1.0,0.06857462120794582,0.3259825018630856,0.34547137292131314,0.31415263860516185,0.014514924635260181,0.06590553767275119,0.13472612026495367,0.43741891525636406,0.032918417577319434,0.17206082015766083,0.36350461829144187,0.11982381804418928,0.08898387559759356,0.3203774954562625,0.17070911216082815,0.06602357941180731,0.00804089681926848,0.1460090062443227,0.027228546640723193,0.1067366378955224,0.14416245888457685,0.11765336194937535,0.12328560908446098,0.44300187049819956,0.010499986724869672,0.47800972153464627,0.05633525187920158,0.5957038473654613,0.6535935953245806,0.11493832384519084,0.09424665699154765,0.053352246391878,0.10913290349513628,0.3786386352860309,0.1361154404502788,0.10846428250640468,0.2921072392319752,0.02703749444956467,0.07567968934178518,0.16411370509303713,0.2349990243976433
0.1325281838619634,0.021110482618061293,0.034084740759145436,0.0432543403073287,0.04678328208901912,0.0008600426700559214,0.00869290326362184,0.05613359166418638,0.06017190884990291,0.000579695859726717,0.014725064118646894,0.030234812973611375,0.0067590391875870185,0.06290684085249483,0.3184485794942018,0.006387504638406529,0.008909139087172025,0.005964281158611017,0.019568524649403937,0.3966604104784889,0.16999215109208318,0.07364287984270303,0.06857462120794582,1.0,0.16261886513887502,0.10201651307030835,0.07751510405181915,0.0312896891493734,0.018352884195671996,0.0021037864163647524,0.06000494145188467,0.005769038005167704,0.19587730218815055,0.04175592561968706,0.0308467230342255,0.01441492651208885,0.036873796883370995,0.03613767579319866,0.004430472369093089,0.003564043798185566,0.028362379465910963,0.021208850419673506,0.0005006333914685798,0.1872443134764063,4.855913695665641e-05,0.09539996115139936,0.017810107722306845,0.02418896964554677,0.07636296444453353,0.08524615257907174,0.13009693073991388,0.03451650738466158,6.130955930865692e-05,0.006637346674064055,0.006374455537827368,0.034428120776829066,0.0024491583559358783,0.08904557149668407,0.26091655635864097,0.1762422513066715,0.11982647859388125,0.0073263026369257455,0.05454195475294831,0.0017899679703719626
0.3904102845976381,0.09539013828025011,0.2982581978909882,0.1746151875780035,0.22248581775261023,0.028214125772991764,0.199532381765627,0.6105396942573785,0.13290501571119462,0.12381981830242944,0.14021861774660035,0.24676570458563196,0.0453399115121399,0.49387269629182456,0.2841395182347811,0.4156446514117305,0.036494042395651904,0.044362640534273294,0.37394366627017567,0.13916673008234468,0.34572522595573657,0.21499554887993724,0.3259825018630856,0.16261886513887502,1.0,0.3866371753154003,0.16922494728967882,0.07041887686526463,0.17426122600362987,0.04232314926153324,0.6674143227714241,0.10363948875948292,0.6183781189591034,0.1722710233572343,0.05386554040111444,0.19266806490289762,0.5049486649171077,0.15180947429007552,0.03779202653760059,0.01846549030177635,0.22950821108670125,0.21143455142331494,0.20436516266058993,0.13734593951883362,0.06989049204536861,0.2549279126399138,0.1035744115208333,0.06718708761468292,0.5031104524160748,0.11819770894603308,0.14229635021258663,0.14301076775214985,0.035737939297545776,0.14294724952900625,0.047720740286195225,0.23388995439263777,0.11380588732824909,0.16361489064691123,0.39308759978187224,0.2607240792473206,0.10355380481684595,0.07746840971079784,0.11307093432706251,0.14421264953809657
0.5136289092198562,0.04871203874542765,0.03495912957822057,0.2040590217355158,0.03227431077273445,0.04139690091813118,0.39767137333818053,0.12921791499920432,0.4163837017096283,0.037843557609995936,0.2703609850094208,0.1509095988092961,0.06450791824737505,0.1999890969812202,0.14582168005090568,0.3730921330031806,0.09288427358333294,0.08285351466114896,0.10292748565353312,0.0852302543643856,0.4996778255762984,0.08050100677718994,0.34547137292131314,0.10201651307030835,0.3866371753154003,1.0,0.2688535709133999,0.024977715658118314,0.2729575846617247,0.2293983219682089,0.2402215163686797,0.18359689951360855,0.10000266827127136,0.5749218971024178,0.06786296349905174,0.02739290824466985,0.7168910165808701,0.11458606594935276,0.09237940425162468,0.040102493127336276,0.07946219477368137,0.3028122846376951,0.0660210765169774,0.40916446807961,0.09795989130557617,0.29451103635083287,0.4367717329185864,0.13604371226021514,0.22194949237839987,0.06348956461579768,0.2704096012045976,0.3972709681587534,0.061631975860939436,0.07932479510413006,0.1784987446835461,0.03326906394520033,0.039782975787289836,0.7323157075764286,0.33632314734660385,0.3482415205250185,0.03455857440785182,0.184036713029022,0.17843173069434423,0.08550777812358686
0.16534459357723139,0.047448028007636575,0.030494783733398645,0.616816046230478,0.038147893979342144,0.0004357313848338371,0.20145413080918406,0.23606934913244773,0.1438555020547469,0.034376923709812435,0.0994829728302729,0.3460455670965059,0.13411929317967983,0.08960453477611384,0.5742895933334303,0.3398925255619102,0.009634626607851313,0.1931584628705467,0.05522084430152811,0.20756508378854635,0.11699686542522914,0.051083292251470805,0.31415263860516185,0.07751510405181915,0.16922494728967882,0.2688535709133999,1.0,0.009976321247871093,0.1377250265477065,0.01085648371717777,0.06174822039486834,0.4227611294845941,0.15422402620095102,0.10365316479967045,0.5374486868374043,0.005569422797580204,0.2009546750217738,0.7583208217365687,0.05105888821009245,0.0008682168293610461,0.02837698690132704,0.06667670195937268,0.03991715910219391,0.20945189911600182,0.07258751247919341,0.14971499469339897,0.39519940417408955,0.006914479432904742,0.05553125091852548,0.03506192251413619,0.771007442637446,0.4658519438768812,0.0322306912698678,0.27287650526905194,0.008481437751666146,0.026099286094627142,0.11401471811769973,0.21044672865552225,0.03306835559107027,0.05904508187652692,0.03738877538958057,0.016384672104265727,0.15062943218179442,0.01827502092383368
0.0751250666179525,0.13139681924926028,0.008416615477031488,5.390140772546589e-06,0.022040303951681783,7.733242048267282e-05,0.03158478102173432,0.0675755893883855,0.13850144122385769,0.00101988475720153,0.0001073875647973482,0.12472480501615808,0.027796883735115026,0.025556604206324742,0.06316974652351465,0.0024657603441131,0.001358950430153751,0.000958201662474984,0.017499011121454938,0.16897187509659564,0.06858881358992791,0.0009671896451461746,0.014514924635260181,0.0312896891493734,0.07041887686526463,0.024977715658118314,0.009976321247871093,1.0,0.21000078134837744,0.009819479512509666,0.020986942834643498,0.00045231917912083575,0.1891060987483394,0.003213159787224705,0.000871883791578884,0.004303021079519261,0.0034940441854953604,0.009379411127968125,0.013315774531004729,0.03063671626734614,0.0007259416556628013,0.1255309641079591,0.021240791946023078,0.0044509833903917054,0.043018498290414646,0.39322005616953354,3.1118602867778227e-06,0.2732095377090387,0.04713111052871073,0.009752064923396322,0.030232544356306377,0.028353872669806223,0.007380140314961975,0.05185100922827244,0.017281341508704938,0.032325314328920336,0.00021547228981171401,0.002574405407316469,0.10169938842263354,0.09427998380913939,0.04329511122366087,0.14289575898876125,0.018883261225123172,0.007749610177323017
0.16338708649848774,0.1911736227313476,0.009853550848322878,0.018276539082140848,0.004252025225977108,0.030647267629718523,0.7568476202114856,0.30279111570011363,0.5269018509705593,0.01199626631610457,0.032602695145668124,0.6654081624852582,0.3642388821973859,0.0129327376073798,0.03494457939628175,0.22450822671463025,0.025735816501276192,0.06366584999511364,0.01003241770174231,0.04846180308491139,0.2837811936863794,0.002938639412789978,0.06590553767275119,0.018352884195671996,0.17426122600362987,0.2729575846617247,0.1377250265477065,0.21000078134837744,1.0,0.29078237603023244,0.038961554002306074,0.44575269559089,0.10091446467787839,0.04231722969302748,0.019026429116565633,0.016103599363698255,0.14452169410723706,0.09586501993788818,0.2887653922404005,0.18855962901563936,0.08579774370748249,0.5737223310168542,0.10772915418806556,0.08567724584004545,0.08266615925781112,0.7539936554892024,0.04813317842572706,0.6211066988655204,0.035916081297715306,0.010484997665167512,0.11266098995956718,0.318594101603762,0.12098639207446356,0.16842115196619237,0.12472348013133061,0.016918491818521154,0.029155138210016487,0.1404747226855854,0.10120572462634388,0.10634094062605076,0.014027274249924998,0.40702570013967304,0.051877613403651886,0.04719606648487129
0.24242841884116348,0.06133089402339975,0.00021596571797009091,0.009843971082239882,0.0021954819369831087,0.45355437964211737,0.5322435576440623,0.13714636725487003,0.23396693622186662,0.036780586185856556,0.17636147081933265,0.12575608467184377,0.1443623474438171,0.08154533445306726,0.012919212359910021,0.1743302212088241,0.04205058922259246,0.15016864399620175,0.1213951320430578,0.0027675353910394194,0.049137560502207446,0.0031532344905626153,0.13472612026495367,0.0021037864163647524,0.04232314926153324,0.2293983219682089,0.01085648371717777,0.009819479512509666,0.29078237603023244,1.0,0.09139504884352671,0.10173218598234278,0.004266250113562504,0.2043152365881992,0.002356745064520533,0.021640914870954344,0.11294412961180886,0.00089326403325267,0.34983715014797384,0.1935615594464567,0.0871869195898079,0.10993499450897601,0.037102279500158104,0.0899153870159132,0.03500641983909092,0.1879938983735173,0.10796186059410985,0.12449830764346223,0.11744014589320532,0.009052477304191729,0.015191720870344592,0.47201869279658853,0.10850857227363896,0.10436617134822011,0.2003028800779807,0.001663998789830465,0.030463681382583794,0.10366327082184074,0.027391030829791836,0.10398337810118942,0.027156586932427756,0.25407974277285084,0.13971362364048923,0.3981845621814362
0.5187041614177449,0.049281919465681445,0.3599983413223768,0.07675139307931357,0.09106190686735942,0.06816332292646415,0.09854677077410175,0.4415728489364375,0.05144429261186934,0.13860709099057358,0.24962264322037273,0.048305547675312456,0.041056054722340814,0.8229038583317876,0.058121132785100706,0.23646934770133285,0.029904850694124022,0.05842575189836448,0.6966377144465067,0.03340080914339582,0.06152131047111514,0.21143007511888964,0.43741891525636406,0.06000494145188467,0.6674143227714241,0.2402215163686797,0.06174822039486834,0.020986942834643498,0.038961554002306074,0.09139504884352671,1.0,0.0022388628160778376,0.2897868932527835,0.2487323222316692,0.024346018687986408,0.34556787167122816,0.33688479785518916,0.03814079382691852,0.05433498658016947,0.01906069329070521,0.606009263041695,0.009818819738115952,0.2761170238676933,0.11227721132237167,0.06757392019467025,0.09844331458178167,0.0877942726944598,0.01184558111024606,0.8552242543715407,0.06477012441236624,0.1222494586473175,0.1892759963822547,0.07978693803172027,0.03912228859155413,0.07046163771509319,0.2154623733560396,0.1411658885003145,0.08484365496596458,0.30296133486642474,0.3438089392261546,0.08142924245377992,0.07493129238986544,0.06918794304849217,0.32393391909735436
