0,1,2,3,4,5,6,7,8,9,10,11,12,13,14,15,16,17,18,19,20,21,22,23,24,25,26,27,28,29,30,31,32,33,34,35,36,37,38,39,40,41,42,43,44,45,46,47,48,49,50,51,52,53,54,55,56,57,58,59,60,61,62,63
1.0,0.012697251851666088,0.02963228436424167,0.22516113335749824,0.021538743399457397,0.0158002537111592,0.005656360695113981,0.0010075556313057378,0.011042093218874697,0.025582865850078153,0.009136453950670037,0.02506217709688025,0.009361153780153208,0.2076512927012496,0.0002575362507733575,0.019100869406435683,0.044918129327935576,0.058758354565740835,0.09988164244643367,0.0016556767445233033,0.1352211852311153,0.007200849023818046,0.22400743158401148,0.006019528784378367,0.042051122268034445,0.12990993360599182,0.010005283069948585,0.050649108716817964,0.001933061544716859,0.02375831919847469,0.14900566223602515,0.0022449077921461603,0.01077806347538549,0.07995121103948852,0.05382710403322463,0.016624789574162274,0.03632468786011898,0.004225640300641986,0.03243678987489908,0.04523569314922379,0.26955565709885276,0.017897248005595282,0.08093198195760115,0.17256210921628168,0.0514596877928457,0.011963543069502343,0.020710443878345173,0.005289964881096345,0.3523091299918539,0.041173471207001884,0.04096419461728364,0.1238444103659553,0.0558390556670299,0.005273475015453042,0.13426311855963877,0.05896140179126084,0.012656492558963794,0.06823968834851933,0.07076018145795614,0.593945666457902,0.04752342514538778,0.04769603676176401,0.3368786333122459,0.044285877928746414
0.012697251851666088,1.0,0.0016347044980315273,0.03876759317125706,0.1073951674747645,0.00852644744600757,0.07282556077358501,0.28666056069192475,0.03216730564543063,0.06726183581021912,0.04953277205406009,0.18857367628299088,0.007289211868189833,0.0008268051162291993,0.0012617439173945716,0.031438883602327314,0.05489055226228331,0.16367728849480426,3.079133251452331e-05,0.06598220775382012,0.061327318177561756,0.013247918356171296,0.014520358435737658,0.012165213494291142,0.13655036099306783,0.009895583419546179,0.002895522563829628,0.033661492900862934,0.06649465167528847,0.004443587344082984,0.007198117990200227,0.016193802600064446,0.061134166667687465,0.04816909366724781,0.00815215424726459,0.001713776517550329,0.0015610261232747243,0.006230033152078836,0.03672783610540551,0.009703789822561617,0.03414953212598761,0.024469131866479733,0.178596212627871,0.13605907752321858,0.013165378967822591,0.07565523121582875,0.009094191251691102,0.034285036434913665,0.007624622307102154,0.03595117691421581,0.0021081836948125955,0.01771109545704872,0.009334210941251166,0.018118955767931745,0.03292107259142892,0.0006439163424114385,0.035910364981441824,0.06150029000772656,0.001494882578896395,1.2562826260075965e-05,0.056896142201611155,0.0724490507807477,0.008137838428453746,0.013302501426028226
0.02963228436424167,0.0016347044980315273,1.0,0.021768560071125136,0.014128702230809732,0.001070579060491331,0.0013886816679706685,0.01128111540385861,0.004628252744134492,0.02347103593417102,0.00677222927463062,0.003879425118951427,0.01123107987047793,0.13361616215627634,0.07193616104044949,0.008281352874042296,0.033607263443035926,0.019012407161378,0.06855102788725996,0.09915404725044555,0.014705237870326883,0.033546916593793226,0.03172266380347193,0.011463548369307776,0.03752072252653023,0.003155220402123541,0.0027479749990129637,0.009091279958419064,0.020152270340423765,0.00903085193653107,0.10189836566889561,0.009677902476548945,0.024198541446813195,0.0055797584505343865,0.05921405764043913,0.08156245683087732,0.008674622144735012,0.00016016974803359816,0.00296899007371867,0.011496256756999343,0.028314399840336704,0.04081610353625854,0.02029260488422856,0.0322733456735848,0.013665276261550586,0.00078181824182551,0.01896111289573371,0.049573132591835316,0.06303320677751298,0.03635773227001169,0.020326694147208946,0.012918086697680766,0.01098702525401208,0.010249779663975936,0.0014617656121035144,0.7327913528918677,0.0030101972223645812,0.01125428775902789,0.02112966249883109,0.025231321639236855,0.022226738190256206,0.0014292001347519874,0.015333122773268811,0.016940440560812627
0.22516113335749824,0.03876759317125706,0.021768560071125136,1.0,0.0005084974424773488,0.02539205290285837,0.11006808949745563,0.035968555773940335,0.10951142602278117,0.035887780371801035,0.04714058749163994,0.05164513969098912,0.01937441024514245,0.0008041192078045153,0.10417661649789292,0.021439126865465098,0.006268891508433558,0.046913368665908055,0.00720667049473699,0.04884064132476607,0.0931027568362286,0.013161193371739335,0.05461314679201739,0.0010180541514610716,0.04746944620472823,0.14427315975265811,0.2259815306848892,0.014719793977292277,0.03639049292644349,0.04409272003199029,0.019558238300904356,0.004527268882399856,0.10931280018215228,0.026760261243627174,0.10637020757407392,0.0010376184036817058,0.04365216475144538,0.048129342802609734,0.018075184519902022,0.0018800842123907898,0.11981153366600573,0.04408038949275598,0.06560030836525683,0.11206917595601107,0.011230747242555328,0.043434604945527144,0.1272992447383978,0.022370897351215894,0.01102459066354348,0.025188424255950023,0.0990081984918824,0.10807935462861824,0.0034483898382222026,0.015728675288372154,0.08808960530005917,0.06079478336978693,0.03286954907924898,0.04761598533424074,0.0428800068551313,0.16877281853230527,0.016541517507568305,0.10950620603027718,0.2261956067571718,0.00566799688252525
0.021538743399457397,0.1073951674747645,0.014128702230809732,0.0005084974424773488,1.0,0.00043910180949059024,0.05179273902840531,0.13497066785282036,0.01122005766588257,0.07437287282393666,0.06074818536817811,0.006555855095932838,0.06659531214038222,0.017267554723946806,0.04068262084460638,0.16913510062056347,0.03450200014192479,0.057004214429452006,0.02461825453288002,0.0004655408915315951,0.0006412533410450967,0.031907754194613086,0.015162545401674742,0.0471347336229582,0.19905080535076441,0.002488335941802497,0.0013286699949827028,0.11831314784090012,0.0012561025069763592,0.02272477872901142,0.03240930188993174,0.013317720848798037,0.10378849242745934,0.035025084083913166,0.0012886251589317146,0.08878946745966974,0.017494140833306315,0.006341054981289872,0.08483190550178402,0.034919969075793984,0.00015467399288792084,0.06809154308478768,0.02540706026381753,0.00929551046274523,0.1655803790091207,0.019153370464261094,0.05212504279411115,0.004198737271066156,0.022390449291095446,0.0016733266165140073,0.012704365856035233,0.07045827661967329,0.079550826202567,0.1325724300199117,0.00019704151664524984,0.005724353987099156,0.02883760900384051,0.05073073391738231,0.010943967279413802,0.03610935252287627,0.0433413137519824,0.07341466748371918,0.007161572512359102,0.053590929733242844
0.0158002537111592,0.00852644744600757,0.001070579060491331,0.02539205290285837,0.00043910180949059024,1.0,0.12153453048283448,0.0011142053861151013,0.016497039508225626,0.1327349198243491,0.0011981285157184926,0.0021471745131806004,0.013183276133316608,2.2827057817598982e-05,0.06630420316602752,0.018328923753454286,0.027127475743776268,0.05639565761681558,0.009704500991464578,0.03880221184539364,0.004400601017981096,0.03453179506810011,0.03623812649481213,0.0014047974595238608,0.008049347171624402,0.002817543180310183,0.05221205531822117,0.0021303229655407086,0.04981196213759588,0.06345129704466648,5.7547179195627544e-05,0.008996177180839303,0.02059960957356233,0.008201352047436593,0.0205412370240046,0.0007857899969520119,0.0035947549539580626,0.04416044532951722,0.006921365245799767,0.012096292130787424,0.014480665902632627,0.004259411606678587,0.02519184825157316,0.04691244177581737,0.0280952003313649,0.04505922314127746,0.007455065141959262,0.026685117717769512,0.003988470616676294,0.05921729942486461,0.01640159815508479,0.0002681011127273921,0.04390737085184167,0.008806126930220167,0.039357591460415196,0.0010357351104217333,0.1388613155222984,0.004045415908497156,0.008686449391203376,0.014187677484632844,0.006563876229472044,0.012852449547393743,0.0007924952667392886,0.26402536839887336
0.005656360695113981,0.07282556077358501,0.0013886816679706685,0.11006808949745563,0.05179273902840531,0.12153453048283448,1.0,0.04608235928327986,0.021040981418875296,0.028782520818070777,0.11430480043256491,0.20775461311308072,0.11157471239667217,0.015178603360436707,0.23096079543687004,0.13777753574166057,0.0030372794356676035,0.027166404451057134,0.04232676958279433,0.13142940453665014,0.03043036108575885,0.009447835692608587,0.00044199150300618914,0.007810900712835513,0.006896922660625045,0.05805530574525504,0.04141927287427599,0.034754808191458895,0.40419996284582893,0.13925035180033166,0.015988795243192966,0.20230817548994548,0.0008207486323108843,0.052928892244076584,0.011657895338197947,0.014167861015340814,0.02598659653942066,0.10049818076055829,0.1173053850103278,0.11019042182805117,0.046364217925360655,0.11572656371814463,0.047804508342778204,0.047667585982442966,0.04292567350529551,0.037821476638251535,0.03086777010550164,0.057181478474296145,0.00490381861671507,0.004557293474369148,0.02619395882968382,0.1311519753124655,0.07068476962824008,0.10257795027768131,0.06557867358152616,0.0003448986396075512,0.007977019441355327,0.01849300033851492,0.017408104467468963,0.001444237628766735,0.014864203305069355,0.050840602291140964,0.011596535702339003,0.05226081671120178
0.0010075556313057378,0.28666056069192475,0.01128111540385861,0.035968555773940335,0.13497066785282036,0.0011142053861151013,0.04608235928327986,1.0,0.004698381890332204,0.04340083939974184,0.09338709077780626,0.08897838449494992,0.10745955202586041,0.04210180307833391,0.00036163221966446795,0.13272250945365086,0.019048998768355894,0.05258425294505974,0.08393980460749415,0.03953197106950389,0.041304676635204735,0.07554564440862024,0.032034839034940886,0.016644737072933822,0.21275206435557611,0.139284407112372,0.01698926106916353,0.004322550074653697,0.017630444445076148,0.0030355783528298696,0.07922576274695849,0.004749383098616837,0.11569049096399198,0.36811878200634485,0.04699705319612121,0.01253631063622623,0.01997638261883251,0.025373139218856207,0.0041507702694138894,0.05210421253409444,0.02379846885989652,0.005351117778807233,0.14614582567039666,0.152589861479288,0.05490377871359505,0.014425607428132916,0.058999311737864116,0.001881434513559588,0.031330477058349245,0.07466074566883484,0.008424010750553901,0.018074028877416715,0.0003938026416759862,0.08452040797825738,0.03001596366334724,0.03530892155641519,0.0540377749638289,0.21232018245093867,0.005246568473464112,0.0002583333147583533,0.013433685313668828,0.01312892198674797,0.13530312806657074,0.04298188229290163
0.011042093218874697,0.03216730564543063,0.004628252744134492,0.10951142602278117,0.01122005766588257,0.016497039508225626,0.021040981418875296,0.004698381890332204,1.0,0.00382295864210446,0.009862757993843561,0.004436862636421531,0.016445592729782785,0.03768729454204395,0.026798178169302033,0.04002795999199452,0.05251647239488068,0.01575424937178374,0.026731266117223273,0.028990848825913847,0.0015910500910938812,0.001681346796320588,0.0017795466378218098,0.03521582512989931,0.009307415354717694,0.07340196451813157,0.049348209533493836,0.009729327679502783,0.15192295929662317,0.028454855506046622,0.009178718147949056,0.01243830094290886,0.005611833906525846,0.010059269808162977,0.011683803626248445,0.004268920456141727,0.009399724093712446,0.019645808348045142,0.02777733381772699,0.057102854075663796,0.06061320212086593,0.028143309517542476,0.029426065968099383,0.06865654867334359,0.025766927982922887,0.3938646572526001,0.0020059226290832658,0.13522314929520066,0.05894615682873617,0.008407977431480815,0.004098246527137825,0.04520403627094477,0.026754693233313698,0.015964589972454146,0.10202629349812825,0.0017543288476458815,0.002629166907251274,0.017304227504803614,0.008764625692413045,0.011262125167891678,0.04653687216528057,0.29072867190277907,0.12698282610004027,0.008327699373395147
0.025582865850078153,0.06726183581021912,0.02347103593417102,0.035887780371801035,0.07437287282393666,0.1327349198243491,0.028782520818070777,0.04340083939974184,0.00382295864210446,1.0,0.0474430876175164,0.015161969657669914,0.034888806855441185,0.03475845154768032,0.0005119779124681963,0.08886197918931835,0.0029763198050059723,0.10628036822913005,0.11254630585155524,0.028131570249396068,0.008550378262952879,0.00840808613964117,0.04902576911139062,0.005093474250062163,0.05378568626640332,0.009168430696765128,0.06030738291341343,0.001163692808747932,0.015302911060869126,0.02555325506299027,0.050829627250991535,0.11709191352932113,0.009640573634351416,0.01281790136233649,0.009830423389172437,0.03665611324702708,0.015036326314579046,0.049151107550531016,0.01566848815119137,0.031202052223303724,0.057091976410735934,0.010489203557990566,0.024763086281761767,0.004695743917987834,0.045471448490725826,0.05098201705270637,0.03787760318074948,0.013046323327547172,0.02774364530976923,0.005978567263831767,0.011355528936298532,0.015094678825706746,0.012392014805058372,0.00949380957967739,0.0024861289595173625,0.06421898331789093,0.5277785215007171,0.03266912127510795,0.009041512972566073,0.0422270916904354,0.0044557548815780485,0.0019138273543913712,0.0502184555294219,0.04576844605695632
0.009136453950670037,0.04953277205406009,0.00677222927463062,0.04714058749163994,0.06074818536817811,0.0011981285157184926,0.11430480043256491,0.09338709077780626,0.009862757993843561,0.0474430876175164,1.0,0.06304377068868174,0.1458940032183874,0.025714195520807878,0.0003814377109235207,0.15720002662755694,0.10921530959779144,0.04537716978616791,0.016983909388953892,0.08509151201665113,0.005091592608526582,2.2057862271827642e-05,0.14864792587248946,0.0006158396935520355,0.009065686769125817,0.018389387851511636,0.03307032446270418,0.1054155446599136,0.020998341527968662,0.018031700922341555,0.03381302401696017,0.03560588380065521,0.0016976675728104492,0.40663862019572006,0.007871459399871356,0.04127101776846357,0.049805064566808555,0.025960036674475957,0.03713759757233287,0.032470842406135896,0.01804521194009187,0.0032423887458636665,0.000618070567549697,0.01801463043689174,0.1898075774963617,0.002710160767267641,0.14285720509459096,0.026468939685233825,0.0010646546990024353,0.11296026846145989,0.021193188429850653,0.08383578164484856,0.027212685649218072,0.025019270936536473,0.029887267184869486,0.00126068674806176,0.027010297576590587,0.015507200926546031,0.02104093334826675,0.07627363956109663,0.002404838055246521,0.042140615201106554,0.04030955920412553,0.02092295813539138
0.02506217709688025,0.18857367628299088,0.003879425118951427,0.05164513969098912,0.006555855095932838,0.0021471745131806004,0.20775461311308072,0.08897838449494992,0.004436862636421531,0.015161969657669914,0.06304377068868174,1.0,0.05879045173122626,0.12453248182731785,0.0013743916003826826,0.07542553101180205,0.01394245009201804,0.055776587265280224,0.24461047394035149,0.19330710942072435,0.16130060128512932,0.05651896679782792,0.04583630685604071,0.006498185885088953,0.018525860282327403,0.13294370343419815,0.03694995130676288,0.07047011418102195,0.28789320946367175,0.00027290567502417094,0.027442032329814587,0.359760179042329,0.018367626075873233,0.0036307643302115914,0.019835307858209427,0.03910616341477114,0.04789165182977921,0.05999395421897593,0.021142038776387935,0.014663513058404387,0.0025072267392563467,0.11400661663089479,0.11664394577197235,0.036116166484007194,0.04559387168249302,0.051407900530949374,0.03095250533758506,0.10665839312245007,0.03187219132645051,0.002161753319425441,0.007219875087825409,0.05459108312474912,0.03444142796697028,0.22985975659727303,0.04934141492040325,0.002666803001608976,0.01136049050151389,0.0187581709174165,0.03397595049995655,2.293465123232851e-06,0.033619887366943414,0.03323885095403332,0.10767290252943065,0.00803066335930368
0.009361153780153208,0.007289211868189833,0.01123107987047793,0.01937441024514245,0.06659531214038222,0.013183276133316608,0.11157471239667217,0.10745955202586041,0.016445592729782785,0.034888806855441185,0.1458940032183874,0.05879045173122626,1.0,0.028601202970304856,0.020988139029346275,0.03479695732829254,0.03446997233964361,0.007161141358709654,0.09439023765264333,0.03923793506287264,0.1767143306710793,0.03270019958218636,0.014119994296243171,0.09957378144988911,0.015538495432254468,0.08565244984989917,0.0005522165296065782,0.009457973877457788,0.07580240541614695,0.02159935899553964,0.012776677758954899,0.07159898742435439,0.016530051837051654,0.217126721955496,0.0012927109621510234,0.002857795076334442,0.0782015579842431,0.0005753936872644416,0.03563705571736656,0.021962744757256198,0.012438161475501319,0.04762252571263458,0.019382011605509793,0.017994658800237033,0.047959695872635225,0.020821568830468196,0.002416746020761436,0.012259393592442653,0.012816791030870413,0.002316004814493248,0.002704180280421704,0.12781229094120067,0.017884496630680865,0.0695947922325186,0.009014561014276072,0.005530192350552865,0.0362880223215569,0.1011486681486027,0.006043758267106911,0.004605257316381659,0.0006262685348156033,0.01616751902054677,0.032491906367965256,0.15260714336495523
0.2076512927012496,0.0008268051162291993,0.13361616215627634,0.0008041192078045153,0.017267554723946806,2.2827057817598982e-05,0.015178603360436707,0.04210180307833391,0.03768729454204395,0.03475845154768032,0.025714195520807878,0.12453248182731785,0.028601202970304856,1.0,0.033661874025418245,0.0017268277008242812,0.04807909638156396,0.002278084890018562,0.5742276024117678,0.0711571556108338,0.19801605208573791,0.029357836055316493,0.36382890958829245,0.0348171430266969,0.09348397289234636,0.03486269402025153,0.02235768917194817,0.0033281965496835043,0.06006719796857168,0.0016587472656947923,0.5589059813985088,0.056684521572992835,0.013080315313533434,0.0016181112680754488,0.039193423706262435,0.017529025878352436,0.013779017393366788,0.0362790572355674,0.004195527373527203,0.09208196409529489,0.08607563817795334,0.06024184147389112,0.0006913990909551454,0.12454280915747641,0.00087606896672843,0.07404303221420068,0.0015212203630722895,0.13128227127151892,0.5862116261156246,0.00790883413865232,0.004504972164411292,0.015766494579372126,0.02026217345018589,0.09302061888997122,0.007599048054133775,0.08500361364680135,0.0468137732374432,0.16828026212610456,0.016368707147621675,0.03383367310241937,0.016601976437746607,0.0022967615608727445,0.016631323275027553,0.01729242981752428
0.0002575362507733575,0.0012617439173945716,0.07193616104044949,0.10417661649789292,0.04068262084460638,0.06630420316602752,0.23096079543687004,0.00036163221966446795,0.026798178169302033,0.0005119779124681963,0.0003814377109235207,0.0013743916003826826,0.020988139029346275,0.033661874025418245,1.0,0.0010994422149328423,0.010071206996039828,0.02069082931548786,0.0009887278468528832,0.09437112257506099,0.00042628871096111543,0.1057864391369572,0.002411035704250224,0.11038527328583914,0.011089775034256615,0.002886623356297105,0.14991306143161523,0.0011995084039469082,0.3139882882978595,0.043126175195819294,0.00014168762800626116,0.0006535675802186483,0.1012267509401806,0.00589968788363171,0.021632961659112826,0.0015942515797100988,3.6974860700004915e-05,0.168446244867849,0.059126177572319846,0.09430138394972079,0.03484640912409077,0.18859957808895572,0.0008138063447971183,0.0018008660767177445,0.0009117529613625373,0.044196324692881025,0.010561935434691447,0.13759825971913342,0.0003706553344760334,0.03382557944028033,0.09707160364987394,8.49892211067262e-06,0.048287283089926865,0.00026045677102751874,0.04397779391819974,0.025504558977939674,0.018383083902253336,0.002059524544741517,0.0006126440878516097,0.00038862885347154405,0.07999663879896744,0.01457863062081064,0.0014930469089230488,0.07854497176467541
0.019100869406435683,0.031438883602327314,0.008281352874042296,0.021439126865465098,0.16913510062056347,0.018328923753454286,0.13777753574166057,0.13272250945365086,0.04002795999199452,0.08886197918931835,0.15720002662755694,0.07542553101180205,0.03479695732829254,0.0017268277008242812,0.0010994422149328423,1.0,0.0009226005184269706,0.007811639511696247,0.0006710105867770757,0.08911081152422722,0.02244895981760416,0.0022567792333309865,0.026094306065027873,0.02010704017858938,0.047720135624270674,0.029201747067051743,0.07348751233091369,0.20355787640104822,0.0019742397596377225,0.02020652318891594,0.01305977080690163,0.0683724806840799,0.026690613402246422,0.033485255849346696,0.006596921637820806,0.05772961810206328,0.23549293039154862,0.04815348505184767,0.033507005755248745,0.1261874355347359,0.001826475551225538,0.01846262871191331,0.0013692628833614489,0.030850597749276926,0.6705596168926801,0.12764246676576896,0.00830748929978373,0.024330733948538782,0.000552497259398302,0.008207003710481657,0.022878288237614206,0.09806129432064636,0.00011494294117110471,0.07382299496247806,0.030861850974884395,0.030241436053784123,0.020076459831982685,0.10038125544889526,0.09070316466376503,0.09401930488879813,0.01198398104398399,0.08007203018879369,0.0007604729104681963,0.005213121966763275
0.044918129327935576,0.05489055226228331,0.033607263443035926,0.006268891508433558,0.03450200014192479,0.027127475743776268,0.0030372794356676035,0.019048998768355894,0.05251647239488068,0.0029763198050059723,0.10921530959779144,0.01394245009201804,0.03446997233964361,0.04807909638156396,0.010071206996039828,0.0009226005184269706,1.0,0.004535210192815707,0.0014492365950637138,0.0021305843721099726,0.025554928278535366,0.013795541174305754,0.09085509241661963,0.1009940184835839,0.055913891984752544,0.08074814283038627,0.01731997046082005,0.004266310477497013,0.02224892111268718,0.012478820618190164,0.04303143849952183,0.006649265345446622,0.02858537702514997,0.15451611999759501,0.028510667630589567,0.02537434370786828,0.023256338021388944,0.006051154557036506,0.03265898527844791,0.0075836061045088995,0.0340663741394353,0.004594726648052729,0.011890310066359015,0.1483201191692619,0.0026117435275170553,0.03564870156942811,0.02700632608381022,0.015358157832710623,0.016858365293561012,0.01963911623634564,0.047124566794986646,0.0030153277258506478,0.024638217089950763,0.05242791584588043,0.15327894521265922,0.023305870866813887,0.001398651899449828,0.04392429552958193,0.008492267093592472,0.04199040301166043,0.04008174833769171,0.03977583193911578,0.07395818456778577,0.055160647508705425
0.058758354565740835,0.16367728849480426,0.019012407161378,0.046913368665908055,0.057004214429452006,0.05639565761681558,0.027166404451057134,0.05258425294505974,0.01575424937178374,0.10628036822913005,0.04537716978616791,0.055776587265280224,0.007161141358709654,0.002278084890018562,0.02069082931548786,0.007811639511696247,0.004535210192815707,1.0,0.018886683900632653,0.11874729459123914,0.052457958242242184,0.03227345289742848,0.20610295119547595,0.021709871009156143,0.25922136058175466,0.0197332681967728,0.11089022109431373,0.008388733193752483,0.015567089704339515,0.013052684895395046,0.05299636707502216,0.11801286918165031,0.05248619763892209,0.01917800437225698,0.0027020267925472034,0.00011292699663214452,0.010117159552503197,0.06452868036393306,0.052014508788879366,0.1015772174263381,0.007269627427621028,0.007310796281231134,0.11400899245238089,0.11669135406753814,0.027539505501361652,0.0044509763415561,0.005101050163795102,0.026414594372162974,0.0078809314889165,0.003707899200538813,0.10298796666407632,0.21423175980374864,0.15595086967837496,0.04689128472282305,0.022958055915292572,0.013997147352282796,0.2097389762374691,0.010678723421835139,0.000822880736001966,0.011973843200641508,0.0010392578291443728,0.029223965023825196,0.013051208914348963,0.008084565233211424
0.09988164244643367,3.079133251452331e-05,0.06855102788725996,0.00720667049473699,0.02461825453288002,0.009704500991464578,0.04232676958279433,0.08393980460749415,0.026731266117223273,0.11254630585155524,0.016983909388953892,0.24461047394035149,0.09439023765264333,0.5742276024117678,0.0009887278468528832,0.0006710105867770757,0.0014492365950637138,0.018886683900632653,1.0,0.08626213074818553,0.0609195738424898,0.010723007516547409,0.16677798485226283,0.008359615039218721,0.037026999148021565,0.001153596153488392,0.02124516666153091,0.00040903074754076855,0.1812255083064203,0.0007206800681250739,0.3618098133721216,0.08288432484385744,0.010505098348946957,0.09579106477754047,0.010532667002318722,0.06542529674769837,0.00856761848425901,0.030529261469552805,0.00808395462008744,0.09832960726144664,0.1643122200902116,0.10344119502209631,0.15881681160811706,0.046064345019946704,0.0011004755315525703,0.11442863628544188,0.00652998159874299,0.11414323707806615,0.37403796668396044,0.032460487453184375,0.000549588056954037,0.020571422938147385,0.02836833863161948,0.1065594731955766,0.0077560450511892426,0.08004494479551408,0.10531738882275103,0.083576480663382,0.007154303227623602,0.020371123205028027,0.03680522967878348,0.005299849555090238,0.020686899435540706,0.1163478706645078
0.0016556767445233033,0.06598220775382012,0.09915404725044555,0.04884064132476607,0.0004655408915315951,0.03880221184539364,0.13142940453665014,0.03953197106950389,0.028990848825913847,0.028131570249396068,0.08509151201665113,0.19330710942072435,0.03923793506287264,0.0711571556108338,0.09437112257506099,0.08911081152422722,0.0021305843721099726,0.11874729459123914,0.08626213074818553,1.0,0.03643297361849984,0.02846915246906076,0.0068373943153740005,0.07681524487868072,0.009256696326445277,0.03727764632936526,0.05070699569686821,0.02183542106955539,0.19946165807239372,0.017414249657466678,0.01984790533701975,0.16572937945126948,0.050008234336940245,0.03016448985386984,0.012380773559766226,0.02395455835706551,0.016717641451187634,0.017814679642929883,0.008932751366839322,0.0003810267987952862,0.019626032897065826,0.04733023176927054,0.05580477076353128,0.05678357304363376,0.021292182788315333,0.048182117770591906,0.005615050320147004,0.05081253610067369,0.011021344046168802,0.012844883877630737,0.023423775486856913,0.0600448676693455,0.0038653710282206015,0.06371599534022855,0.009137576357068695,0.05392017221487404,0.026795393916574397,0.008911409587357666,0.023504469127058274,8.211766025730453e-05,0.039616671746277504,0.03284004353953007,0.01482065069416331,0.00723175845667693
0.1352211852311153,0.061327318177561756,0.014705237870326883,0.0931027568362286,0.0006412533410450967,0.004400601017981096,0.03043036108575885,0.041304676635204735,0.0015910500910938812,0.008550378262952879,0.005091592608526582,0.16130060128512932,0.1767143306710793,0.19801605208573791,0.00042628871096111543,0.02244895981760416,0.025554928278535366,0.052457958242242184,0.0609195738424898,0.03643297361849984,1.0,0.008174661856181471,0.08961165214383388,0.1667157494789748,0.04433835521834255,0.1472460800504305,0.012995605769760788,0.007650414463551423,0.07391326198068623,0.00483154112267427,0.14555892481833455,0.037476623384052575,0.006213320991149684,0.003013425447548377,0.0045540363828063075,0.002771469017697561,0.08865013480370723,0.016036575088003147,0.03986389204544553,0.005058524206143026,0.005387540357814113,0.2429615109890499,0.15214753657341323,0.1086108869941391,0.0031204484067734245,0.05294455924831696,0.009485581688340562,0.037957069609876215,0.14654073204323204,0.004806051622268244,0.035697556328883995,0.11746446767288976,0.0249409968234095,0.10966465416245538,0.05295577761224012,0.0010938664187023855,0.006411631231716359,0.19757176198650514,0.12277502388850724,0.017338625672831693,0.01309773012564595,0.0361262921740079,0.13683850805062295,0.007674577379600877
0.007200849023818046,0.013247918356171296,0.033546916593793226,0.013161193371739335,0.031907754194613086,0.03453179506810011,0.009447835692608587,0.07554564440862024,0.001681346796320588,0.00840808613964117,2.2057862271827642e-05,0.05651896679782792,0.03270019958218636,0.029357836055316493,0.1057864391369572,0.0022567792333309865,0.013795541174305754,0.03227345289742848,0.010723007516547409,0.02846915246906076,0.008174661856181471,1.0,0.0011297706281894078,0.0018871863684953897,0.06225675372067921,0.06860061034142981,0.019392386534891812,0.00995616311483817,0.012916742872780803,0.01282213801076902,0.10270057905865773,0.021100351007028784,0.039317997936772923,0.058119479903847845,0.042623074698585645,0.008484293855411473,0.012828713630832135,0.01218489630016894,0.018693613379507874,0.012009740181901154,0.10633809313560724,0.0366550127477054,0.028596050358754527,0.022347998883909388,0.005786402704010783,0.009409796769570627,0.011882877833739931,0.010794653095264999,0.027634268461040837,0.030889242932067146,0.03726658022313799,0.056706432890043686,0.28064299824499234,0.0788004824797197,0.0111935892751424,0.04288235570734785,0.027095958146108042,0.06947285609693822,0.005479316221590781,0.0011553008308919654,0.15960218836892023,0.00038918592521005593,0.023391062224507413,0.16572516121006314
0.22400743158401148,0.014520358435737658,0.03172266380347193,0.05461314679201739,0.015162545401674742,0.03623812649481213,0.00044199150300618914,0.032034839034940886,0.0017795466378218098,0.04902576911139062,0.14864792587248946,0.04583630685604071,0.014119994296243171,0.36382890958829245,0.002411035704250224,0.026094306065027873,0.09085509241661963,0.20610295119547595,0.16677798485226283,0.0068373943153740005,0.08961165214383388,0.0011297706281894078,1.0,0.011542440879259966,0.019768235286888442,0.047143000287135015,0.002867308363471514,0.007580930172673289,0.00473086624298993,0.029858276297501818,0.06938653250538902,0.05888963385145819,0.003429314819720443,0.056927610246021325,0.044724866295958,0.0033308777784788663,0.02749777553123866,0.001238366904314287,0.06462678411849943,0.11133069483827598,0.05231557703656935,0.007313366617461044,0.022278442704130597,0.3319813895134398,0.03418362427963775,0.0004743028352845782,0.08792820973381946,0.03023515110032562,0.09987580641895345,0.002471548020391101,0.19762287620020363,0.2754585938474497,0.06175829537224513,0.004168893272068233,0.04622029600658461,0.024731423718733308,0.08112399671078975,0.15021089039901106,0.04013109916651769,0.0061839211228198335,0.026845221173033524,0.010964596916583143,0.08311522791769016,0.007898396318931467
0.006019528784378367,0.012165213494291142,0.011463548369307776,0.0010180541514610716,0.0471347336229582,0.0014047974595238608,0.007810900712835513,0.016644737072933822,0.03521582512989931,0.005093474250062163,0.0006158396935520355,0.006498185885088953,0.09957378144988911,0.0348171430266969,0.11038527328583914,0.02010704017858938,0.1009940184835839,0.021709871009156143,0.008359615039218721,0.07681524487868072,0.1667157494789748,0.0018871863684953897,0.011542440879259966,1.0,0.03468715000468366,0.11312131275450835,0.012942222589410045,0.030232045758044303,0.04678216229476829,0.008178309240933324,0.007921616382969406,0.011617581308892214,0.09714029561221493,0.02027240854800624,0.001561610808963072,0.019591692931087794,0.10078743431402132,0.016200498625999434,0.00368343186807261,0.007296904653375376,0.05359287796276117,0.05330675163367671,0.04798260501216239,0.08085286421091592,0.0025964428527116778,0.04324753870282755,0.021311829949973604,0.02053830717030023,0.011943590647818306,0.0015126650766082166,0.024564766754436994,0.011783837888669619,0.011200228118653064,0.017536377241322797,0.015011959361636415,0.0012883618835095572,0.00440776800935175,0.1387757376847875,0.010412042999166227,0.033776002362209914,0.10154845691269673,0.04864859927920214,0.020649687697581322,0.0013964530236422854
0.042051122268034445,0.13655036099306783,0.03752072252653023,0.04746944620472823,0.19905080535076441,0.008049347171624402,0.006896922660625045,0.21275206435557611,0.009307415354717694,0.05378568626640332,0.009065686769125817,0.018525860282327403,0.015538495432254468,0.09348397289234636,0.011089775034256615,0.047720135624270674,0.055913891984752544,0.25922136058175466,0.037026999148021565,0.009256696326445277,0.04433835521834255,0.06225675372067921,0.019768235286888442,0.03468715000468366,1.0,0.0397622968683166,0.018116578207465466,0.020554486827751163,0.0034401099309702655,0.014776773952381604,0.28163557577241066,0.013150234108187468,0.25469688591854966,0.01403502552470316,0.03670975122041087,0.025568004442631357,0.11369214227752716,0.011512686846380696,0.0010648937324736363,0.011351343667360129,0.040858282477947164,0.005261684901792303,0.23506840886383218,0.08382690522107333,0.011841850393605392,0.00891763328414198,0.0007144593296975106,0.0010848338651420686,0.12248071716768241,0.04806783719112013,0.039914410031014154,0.10966504066079333,0.0582703708523251,0.11218164093894724,0.005031294692860418,0.045539247449535164,0.04485081750203156,0.15879369408253938,0.04860757371445281,0.0103128980519427,0.08681203428420435,0.0007641924930659236,0.009176923740408738,0.0016432146740780766
0.12990993360599182,0.009895583419546179,0.003155220402123541,0.14427315975265811,0.002488335941802497,0.002817543180310183,0.05805530574525504,0.139284407112372,0.07340196451813157,0.009168430696765128,0.018389387851511636,0.13294370343419815,0.08565244984989917,0.03486269402025153,0.002886623356297105,0.029201747067051743,0.08074814283038627,0.0197332681967728,0.001153596153488392,0.03727764632936526,0.1472460800504305,0.06860061034142981,0.047143000287135015,0.11312131275450835,0.0397622968683166,1.0,0.01891018913758398,0.02595644097918127,0.06163564449113561,0.01191352130713681,0.010728131798376617,0.03907399083637774,0.013042402253414253,0.21411661437891705,0.00859859244011878,0.006264139104421278,0.3723752432347562,0.023272547162434574,0.07786381493968438,0.014230175967518096,0.058091912933489594,0.06096385149328521,0.025140345198905942,0.16263586253529771,0.010121587269060567,0.01818906939940316,0.12406687799868793,0.018223146198484655,0.02203064156686673,0.00876339194734325,0.016094562310346762,0.04403315452136938,0.04734627820371599,0.029500394058544446,0.14590588137100655,0.006604675377448601,0.00616494200197684,0.40341447662885854,0.15309861364126662,0.0125967396386357,0.022238272817250302,0.057575588648909784,0.5193897680280295,0.0014811287281465805
0.010005283069948585,0.002895522563829628,0.0027479749990129637,0.2259815306848892,0.0013286699949827028,0.05221205531822117,0.04141927287427599,0.01698926106916353,0.049348209533493836,0.06030738291341343,0.03307032446270418,0.03694995130676288,0.0005522165296065782,0.02235768917194817,0.14991306143161523,0.07348751233091369,0.01731997046082005,0.11089022109431373,0.02124516666153091,0.05070699569686821,0.012995605769760788,0.019392386534891812,0.002867308363471514,0.012942222589410045,0.018116578207465466,0.01891018913758398,1.0,0.018363990827285882,0.043119274080128174,0.11461571834625753,0.002418371802571062,0.04407388790163108,0.007396309557343962,0.018462549642692203,0.19415305415764317,0.0011302850691963962,0.024920252521400805,0.4351051422968112,0.027342371398725942,0.0961878634242182,0.0029000974946354497,0.026735689060510763,0.021102119738765218,0.06504181689305603,0.016458907863123384,0.06614702743974679,0.04192335581593225,0.025630157445916242,0.0038590653409213897,0.020676871081369202,0.42664390430005233,0.0719974371415562,0.03884029093234525,0.035972953148556606,0.0006326695379028259,0.002927978050893159,0.07678901635665746,0.019559940531278023,0.018465641196163347,0.009866710818144131,0.040282665277545184,0.02676570066820004,0.02028724875880195,0.005345851543418069
0.050649108716817964,0.033661492900862934,0.009091279958419064,0.014719793977292277,0.11831314784090012,0.0021303229655407086,0.034754808191458895,0.004322550074653697,0.009729327679502783,0.001163692808747932,0.1054155446599136,0.07047011418102195,0.009457973877457788,0.0033281965496835043,0.0011995084039469082,0.20355787640104822,0.004266310477497013,0.008388733193752483,0.00040903074754076855,0.02183542106955539,0.007650414463551423,0.00995616311483817,0.007580930172673289,0.030232045758044303,0.020554486827751163,0.02595644097918127,0.018363990827285882,1.0,0.006515837933041473,0.00033099622881785807,0.015284483990237806,0.17603083966239685,0.011113093569551629,0.03877861210903869,0.05857030536034869,0.04866475669964129,0.1631615614588776,0.03295789918506417,0.0003142426850781518,0.04437562412896809,0.0029720667585345396,0.0022954325541753315,0.008409619082986982,0.0009989873959198028,0.41134497378075063,0.0937545373449583,0.0030629640705561335,0.025129088828589007,0.05566403791265873,0.006721747244112299,0.0016197998796657666,0.008875504955740207,0.007071745489625456,0.027674290538225878,0.017151303225003703,0.033569317642158966,0.0018083072368594696,0.012749334207990856,0.1868938644313919,0.11830666226739778,0.03130417630429264,0.04752089184641227,0.0757059317087623,0.0007669426257478491
0.001933061544716859,0.06649465167528847,0.020152270340423765,0.03639049292644349,0.0012561025069763592,0.04981196213759588,0.40419996284582893,0.017630444445076148,0.15192295929662317,0.015302911060869126,0.020998341527968662,0.28789320946367175,0.07580240541614695,0.06006719796857168,0.3139882882978595,0.0019742397596377225,0.02224892111268718,0.015567089704339515,0.1812255083064203,0.19946165807239372,0.07391326198068623,0.012916742872780803,0.00473086624298993,0.04678216229476829,0.0034401099309702655,0.06163564449113561,0.043119274080128174,0.006515837933041473,1.0,0.013071463723092815,0.056319795399837974,0.06383264237964079,0.005414647027667952,0.019802402677353417,0.03503899588687268,0.016526930181574473,0.005359573580186967,0.13050565105009118,0.053043196409181606,0.11034896027026492,0.045000723405234776,0.18987839632332218,0.0822172292051225,0.02272942865750902,0.0013891256986243627,0.423240364058378,0.0018330591373339781,0.20270758633948224,0.09869767277033681,0.01028292619475464,0.00744873959506213,0.02331938031048838,0.09316298953697913,0.13110316873424083,0.0339731417615394,0.008117540506313616,0.00953968447285179,0.008420409468591454,0.006342504560741511,0.00015615872498547,0.016624117671945788,0.07055462905294875,0.03606507020350587,0.21465792875344097
0.02375831919847469,0.004443587344082984,0.00903085193653107,0.04409272003199029,0.02272477872901142,0.06345129704466648,0.13925035180033166,0.0030355783528298696,0.028454855506046622,0.02555325506299027,0.018031700922341555,0.00027290567502417094,0.02159935899553964,0.0016587472656947923,0.043126175195819294,0.02020652318891594,0.012478820618190164,0.013052684895395046,0.0007206800681250739,0.017414249657466678,0.00483154112267427,0.01282213801076902,0.029858276297501818,0.008178309240933324,0.014776773952381604,0.01191352130713681,0.11461571834625753,0.00033099622881785807,0.013071463723092815,1.0,0.005382132402921141,0.0011523116765328868,0.0034644806338318184,0.005458506036419189,0.01154029033309608,0.0006441204946863533,0.0052899536783029616,0.0367239961119765,0.06673301703390806,0.01963476979367501,0.05387536128476481,0.10038602911743008,0.0019474643768177696,0.0346841046992715,0.016138821115952478,0.02470003375115032,0.15994703396254015,0.00045904185824672216,0.00402588477348228,0.013835222481719452,0.38983285826631225,0.033514346195939806,0.06836773011506364,0.0014522358525246208,0.04362460607409751,0.0037716957135632946,0.019937181769626035,0.00826809470370699,0.021644936813498324,0.015819617529055162,0.020601969348969934,0.07094586193060286,0.019620516873854056,0.043203552744727
