0,1,2,3,4,5,6,7,8,9,10,11,12,13,14,15,16,17,18,19,20,21,22,23,24,25,26,27,28,29,30,31,32,33,34,35,36,37,38,39,40,41,42,43,44,45,46,47,48,49,50,51,52,53,54,55,56,57,58,59,60,61,62,63
1.0,0.2697567994181606,0.21824312497479684,0.16576023501399112,0.060953556627410255,0.17647195465573173,0.3248667507618817,0.3613609831972192,0.45084692239550045,0.10551879576815665,0.31050502141751674,0.20878123859836734,0.09153899751188381,0.6769018892471255,0.2344463938698401,0.25716889597749193,0.22936840270075598,0.3649825154593917,0.5412493550563717,0.22222715309936059,0.2748817783082924,0.15832500938499094,0.6708992217557139,0.17165462469356926,0.5044455184000932,0.6225582855231504,0.263742444986357,0.07272594048538233,0.2802494587123217,0.34460020946453673,0.6243901404094416,0.09276554659253447,0.27764706693266333,0.4839365797066399,0.06590816036961965,0.2769120685776616,0.40034451395255677,0.14348530741847823,0.10741102873725657,0.0634478132580531,0.3892859155572382,0.1704447603762148,0.1485283693131282,0.2300855168707821,0.01323350668680655,0.4309324620796094,0.2845631465217091,0.1705445785476801,0.773373902363558,0.04599085424124415,0.45928454777702116,0.6084092642077371,0.07337299672494806,0.04415475809092609,0.4117448932798606,0.1257807115181939,0.16485670427423282,0.28597887423731927,0.51665147328352,0.8683265755126298,0.14459971682573355,0.43279657095199875,0.12818375876237895,0.3596167034025024
0.2697567994181606,1.0,0.07439489138678917,0.016188138103843907,0.001012366226338921,0.06763763123502946,0.1516492262782184,0.17638813193170966,0.4170159556043952,0.012092005207874536,0.026119335108661143,0.18487047630069853,0.24859167920922295,0.1430671332858377,0.13269646619477782,0.020414596256187297,0.05475214116153301,0.1881017063698008,0.1754755881716539,0.33008243163803186,0.050553372427967376,0.006728028389135631,0.17253717208259564,0.03605259545174685,0.07684335610081781,0.09736407346483632,0.1113141827555166,0.30281386187069437,0.32522868625216794,0.15377653356800253,0.09620770509110066,0.03878515294057249,0.1321338680226995,0.03416390687150427,0.04458464047405621,0.12193848563295859,0.02578007759705269,0.07855982180001554,0.10819220466569612,0.31085413550766683,0.017270433328296468,0.08085080376499945,0.11358468052073725,0.062358573146356726,0.004605620982086296,0.5525618628497421,0.020772201729344325,0.2780551840573369,0.18400161594463607,0.0003030762704584246,0.25096254295931997,0.2974598707251674,0.0903099503233528,0.00987448156606666,0.11710958324040531,0.068843106757825,0.06861245063031532,0.03551316079510958,0.056162781079290035,0.20311705495029259,0.0006979054063443431,0.49366355278872026,0.010547971355756084,0.15518389819049921
0.21824312497479684,0.07439489138678917,1.0,0.060002970048943664,0.20087843624827667,0.005169745068856006,0.0283001119278045,0.25084563969935403,0.02831799457120343,0.036303896076186545,0.04388341623103949,0.04714629232347473,0.011421483447956099,0.4974231682179692,0.15192141339031193,0.08047001923294717,0.009610241992585667,0.07464034469033372,0.40799566382958413,0.09753984272028028,0.035589282083254736,0.2765345353808449,0.21533157094057465,0.04020315745576304,0.3771090093641857,0.07595009110033848,0.06881924298024564,0.014116886512556291,0.018942099059922855,0.008960448743107977,0.4344364792665,0.006094254397456644,0.49784565221434884,0.042771738989495316,0.006337005618415889,0.4988822124710958,0.09390890285956943,0.06812021231269236,0.0017393420993473871,0.00013089904675726423,0.2357960488650788,0.009818977201041192,0.4242021592111099,0.007470643208335339,0.004701597273481925,0.05836266259394321,0.029399161485487636,0.0031978088788140514,0.4541265130267732,0.040585313984377695,0.11801404308168488,0.09875956233456687,0.014506910543063734,0.005167817215958488,0.012020316113567063,0.9246192265584232,0.07843918580508394,0.018403936365914548,0.13811841214127857,0.15814648139497045,0.11517670901490999,0.025688947908938425,0.0028261300740845636,0.059451391581710984
0.16576023501399112,0.016188138103843907,0.060002970048943664,1.0,0.13032732947098813,0.002031025381013681,0.10845114822804437,0.15540878090580867,0.05831383207562032,0.049147878923519885,0.2516829003544802,0.14878357020414698,0.0464893748380206,0.19075720654186112,0.40011181716964883,0.3322578234395333,0.001278219286500727,0.15438032917426187,0.10835751256544406,0.10380469702691301,0.1751470263541433,0.17477141270870833,0.39913660655074357,0.08251707959444751,0.23580824356720773,0.31824408579120517,0.6217837482613532,0.004175832927775177,0.06462488641859737,0.009818000712715878,0.1358989761306927,0.1650706521352334,0.1314640490606353,0.22607045477362048,0.40148255839568964,0.009071697714164946,0.41545639672138523,0.2438784126291659,0.0001255058717522962,1.808231338962171e-05,0.038666501812948326,0.06251930238891319,0.029322190500201656,0.32445031468096075,0.0708117885134066,0.06542758446726894,0.6490156285344227,0.0037773136947041154,0.09674682508966517,0.22459679250729586,0.5165299957489343,0.28017868308509836,0.003636422633114991,0.08168895841823902,0.0028867971987619973,0.03626897537314242,0.06584007882692393,0.32674370245198264,0.056396449812900436,0.06355719546205503,0.053487227796450904,0.008805614821021768,0.23466000795902678,0.024966622933441134
0.060953556627410255,0.001012366226338921,0.20087843624827667,0.13032732947098813,1.0,0.00012008683148019558,0.03131772660062034,0.2580159800771957,0.011983069857598798,0.05309689518852568,0.056305081055346325,0.10244632391616149,0.001738187411350746,0.18199868130156552,0.26068465551187364,0.25106912863685615,2.4711607483004778e-05,0.004227342009139361,0.12822782680987752,0.0435063951516894,0.12060472500740299,0.1908517926027482,0.12190988489392396,0.05140884614940962,0.38188489333496434,0.09526937853940338,0.11061255739197032,0.0034114081701085513,0.020461712805833147,0.0008054929296017584,0.20182789059307582,0.05486134883249405,0.33869424871824133,0.048879421258212,0.0021415105757179777,0.013122075785275487,0.1985460110494112,0.17216362462383042,0.0001775527852635372,1.4246352586281906e-06,0.07925687578214782,0.04178298419258012,0.11761802813090051,0.03267419675190899,0.09406885207854769,0.026385585684172895,0.05639659004097668,0.0012003007076298975,0.09279556853243719,0.15363152916782963,0.06053165869692084,0.03488427977113333,0.0015020822838306997,0.009650278853899342,0.0003750951746823268,0.14541813737202802,0.08718851854189533,0.058180971625259446,0.056877511460956584,0.023135255862351812,0.06567575809685154,0.0016499150075855258,0.000515472910852418,0.012271264339861053
0.17647195465573173,0.06763763123502946,0.005169745068856006,0.002031025381013681,0.00012008683148019558,1.0,0.12492363223303371,0.13066154506345456,0.05579701853683916,0.20338056399946916,0.21716805377648563,0.035433554953160244,0.050170899137564,0.14708030083445195,0.0003485626792313649,0.10531750003253354,0.06885155280442458,0.2902839567224925,0.24549037289421244,0.0007212085730130994,0.00998911214092091,0.0002101447482765397,0.18493327537734894,0.00013855326483078008,0.0527068302186035,0.08787908733944531,0.012027561297178545,0.002261277670759568,0.05493402705618681,0.550210059523328,0.11279447561338764,0.008794577475377412,0.011784081552172523,0.14694264368051088,0.00019302670757695127,0.024677915130901003,0.07507039234404822,0.0040190702805596775,0.3004547859069371,0.0388973190700921,0.02821976640006202,0.010440157444653294,0.07390719125839823,0.004009522515622404,0.0029516162765742537,0.057707835848739,0.06634582091574129,0.018335503578080958,0.1310701022682375,0.00011474630029304012,0.03215408397503125,0.28129970120739595,0.550868494732663,0.0023007023094478996,0.09570756317337051,0.0012898971897133112,0.10743852676665228,0.019455130687729236,0.01978281774334392,0.07181500673071711,8.67037055456101e-05,0.11860794167258945,0.11856480610285364,0.6757116742905357
0.3248667507618817,0.1516492262782184,0.0283001119278045,0.10845114822804437,0.03131772660062034,0.12492363223303371,1.0,0.48532267252104505,0.40739285462752045,0.04657984960708482,0.1387572466050473,0.7169517775495095,0.49524133723342434,0.15260501933731063,0.13111301929576744,0.6227370728821394,0.033482769585076594,0.1688589174033689,0.16356302719290025,0.06926772470356604,0.3668905598326529,0.010485581838453127,0.26150667816765294,0.023927391486979685,0.3125353157111964,0.5116530679090769,0.33131608076710395,0.07720422157566292,0.7931332375615806,0.596510954280628,0.1992190388126993,0.666070679075627,0.14730148165112525,0.22536818756818922,0.08202597880276988,0.038427842816682684,0.4176831474346648,0.23920646751238966,0.45239676295403985,0.14688286821164276,0.047721944085388844,0.5270035597965828,0.09235660335768774,0.24514487423821157,0.2674499766657731,0.45323291316978237,0.2486256801860925,0.26993552476453303,0.1770751427466012,0.009032967194323881,0.262107547531686,0.6068516520791595,0.09966487395655498,0.46610729549834146,0.1483030296012234,0.02011932766771013,0.0773505922900378,0.37129820771525707,0.13489863425343304,0.16844628037875253,0.004676624609195249,0.2944271448453046,0.23969459754468622,0.2723296243681361
0.3613609831972192,0.17638813193170966,0.25084563969935403,0.15540878090580867,0.2580159800771957,0.13066154506345456,0.48532267252104505,1.0,0.20909514049326702,0.2246699905538239,0.11576238438989575,0.6306702020381817,0.2576882549819237,0.5060985196156397,0.3383155263500386,0.6252170513671854,0.009520760963557149,0.27523635260635126,0.6031103971569266,0.17985853017208386,0.2758655082408216,0.08075049530920986,0.45156189703106986,0.07295687240208731,0.6913386688355724,0.25731699830636734,0.32943098967019957,0.1258913211614915,0.42123889715180507,0.23725531460392116,0.5588468533591544,0.2991497438053723,0.5582020503744725,0.08657276501909243,0.0436112668156717,0.1784345721738988,0.33326739773437347,0.36932172404979824,0.2811593637235838,0.03192036547874655,0.18625087516280456,0.32456130137042516,0.5555507147707525,0.053587869410595484,0.2976887972570902,0.3862220585839044,0.10299177579238031,0.13791924742273853,0.44761405435508483,0.025366711458019976,0.3351055566585609,0.467745332517715,0.1943349514484028,0.17475128784551933,0.06297582323453027,0.19468707134324262,0.3574196373025751,0.09215400985867865,0.19413921789141877,0.18006198301388057,0.023959254127508444,0.1774602004138649,0.04567548313755357,0.4541240818663542
0.45084692239550045,0.4170159556043952,0.02831799457120343,0.05831383207562032,0.011983069857598798,0.05579701853683916,0.40739285462752045,0.20909514049326702,1.0,0.009433046702608213,0.09094570707205354,0.31124789729921837,0.19072578163233941,0.11452195164304169,0.18736334315246425,0.1374044248540318,0.15070377289754402,0.12912433869140363,0.09098301844004497,0.30023662214513036,0.33384848863957733,0.016085510813699376,0.21047914035175022,0.1361117355948597,0.22137555451501173,0.44190125794285035,0.2055729477172966,0.21317299092179398,0.6260860826221779,0.3328617557659105,0.13523707185275047,0.15539752571171964,0.15535504581743836,0.19951406258906715,0.05599041384368947,0.04001057665678099,0.17468065090565643,0.12744168068931244,0.12148397678293214,0.3772571840341662,0.029910368130496943,0.3039968443442787,0.028852186988141036,0.3755859867084989,0.024475700405365675,0.8053452074196491,0.11199029897018695,0.5928694063656579,0.16948891361619414,0.007765341941582361,0.2897045936569039,0.4297647538398194,0.025663648596237314,0.08943476914190769,0.5125071553977814,0.022233497361714392,0.03759401189804349,0.2324105880919967,0.3289767573553621,0.44176908104863344,0.007714911636400989,0.7772639652254333,0.0817393354353689,0.11186269790031328
0.10551879576815665,0.012092005207874536,0.036303896076186545,0.049147878923519885,0.05309689518852568,0.20338056399946916,0.04657984960708482,0.2246699905538239,0.009433046702608213,1.0,0.19851708547363628,0.022864042433867547,0.021847863704158164,0.2689587366416324,0.026509252537264417,0.18439681420237536,0.0012269290700004662,0.5436372123782853,0.36169815380442955,0.008551193805770485,0.003503769885411375,0.00919312501356661,0.3708815643555344,0.002754592006438977,0.08879300101964045,0.05029179116923547,0.06797420843345303,7.373522787892192e-05,0.007620149785969674,0.09488097893277142,0.15739119246163552,4.550762526121375e-05,0.042892851049451744,0.07559648520346614,0.004797978640260232,0.0011668805483734783,0.07981465325783392,0.06057825899280034,0.06407790859371038,0.0010984769087533082,0.05089534083513233,0.0006022613649682404,0.141863217792284,0.00048448549071054766,0.000308834988717447,0.013869763791910723,0.08832329234246118,0.0004731395154993627,0.10689528258249674,0.007232147529346131,0.15191778374960155,0.2359431249787903,0.13530267603743423,0.016556843056432975,0.005532434956722286,0.012930044783045113,0.8503117889401292,0.007316887042616942,0.009443972607600036,0.022494267354289922,0.0043106349316687454,0.010420093876848911,0.0831391242049574,0.27769685321305293
0.31050502141751674,0.026119335108661143,0.04388341623103949,0.2516829003544802,0.056305081055346325,0.21716805377648563,0.1387572466050473,0.11576238438989575,0.09094570707205354,0.19851708547363628,1.0,0.04365751170240743,0.01114577863482117,0.36597274465298274,0.0688304216324431,0.2837151959795753,0.0308715814471678,0.3407694063758016,0.2538524994788887,0.029838622930643995,0.07744335042211928,0.11286136420406276,0.5971263655584176,0.03095258304234852,0.20863051411163036,0.40869489549362725,0.14184448831949367,0.0017609600508381174,0.05606638888283252,0.2492344925866968,0.3063422341721561,0.03295916746952368,0.055031431361716246,0.7759529659859697,0.029596997928619043,0.021766592349344898,0.4819098593717879,0.04705533355650968,0.026326634361361113,0.009723676786516436,0.19838074910218179,0.03437022419858877,0.014882481153682769,0.0807706722206133,0.0011855449788083158,0.06893530914394866,0.6024174580633382,0.015046589385309447,0.19848696523714596,0.16145087521694887,0.2450493293092769,0.3934282064823156,0.014986055945583143,0.011097652308852,0.05958070961270043,0.020146872779453477,0.13670711185579132,0.18918185172115748,0.08554571732120705,0.11121237725718298,0.019707433899445893,0.06342893410664771,0.3098654016771512,0.19974462258544565
0.20878123859836734,0.18487047630069853,0.04714629232347473,0.14878357020414698,0.10244632391616149,0.035433554953160244,0.7169517775495095,0.6306702020381817,0.31124789729921837,0.022864042433867547,0.04365751170240743,1.0,0.5543418080814739,0.10784632625788973,0.37909084198450016,0.5559655914857979,0.008544197733816398,0.1331705751521503,0.1145534111542745,0.19796801557559243,0.3627557075037258,0.013616383034511547,0.19936655647808268,0.062272497596554593,0.3625939458221779,0.2739604591844805,0.47569040211592384,0.1833594270623021,0.7003837655663925,0.2312823478774543,0.14270860260593088,0.7528052506573406,0.3149880674404194,0.060481655397899375,0.11976119666848914,0.03833055562576424,0.25361838535973985,0.5447765115716136,0.28567310180655625,0.07206310761901598,0.01638238867267231,0.5434999129340887,0.10601066818596819,0.1363815541215515,0.5509206158331993,0.460435654807476,0.10836590609548133,0.2065001300622593,0.12275787258287747,0.008650345718850243,0.336839120420663,0.43588763552708,0.05655618621132482,0.4992178231278758,0.05880106033372029,0.051653871839843865,0.09630576114850982,0.16849131572462317,0.12147134119104029,0.10969230247726608,0.0038267250564037888,0.2006095845138393,0.07815281960135503,0.13784207398231488
0.09153899751188381,0.24859167920922295,0.011421483447956099,0.0464893748380206,0.001738187411350746,0.050170899137564,0.49524133723342434,0.2576882549819237,0.19072578163233941,0.021847863704158164,0.01114577863482117,0.5543418080814739,1.0,0.04719134202124646,0.09308031267845274,0.19316738769097425,0.004339145391562643,0.10992878675903682,0.06910188101756652,0.07072071193339027,0.03765382529774995,0.0013797512302336575,0.09671880737685454,0.009982656188016959,0.05136672382128985,0.06425489363793603,0.2452439843002215,0.07508861282122133,0.4662109456204444,0.2593051488812906,0.0378599908699303,0.47451701701227633,0.056838195999597975,0.009536455447243334,0.0957074158052608,0.012925592021688968,0.04153217988371457,0.25587145978370185,0.43075514783870245,0.16945955445723926,0.002177698528593252,0.12317755125827189,0.05090250944575468,0.024324965772051087,0.24427360704040416,0.2564124043791456,0.03211370960428159,0.11932904622012107,0.04920564812345698,0.00012821266034704774,0.19632999329283585,0.3406393786878578,0.10863916328726811,0.554825465722005,0.03376488899558333,0.010780566253128699,0.04622360540861973,0.024674916126192156,0.010628586952968328,0.03747421450521579,2.6221122803344996e-05,0.1821013193077538,0.06602787383647542,0.1345434148390891
0.6769018892471255,0.1430671332858377,0.4974231682179692,0.19075720654186112,0.18199868130156552,0.14708030083445195,0.15260501933731063,0.5060985196156397,0.11452195164304169,0.2689587366416324,0.36597274465298274,0.10784632625788973,0.04719134202124646,1.0,0.17267410496788563,0.30680046045947507,0.05429106716216383,0.3955697995000709,0.8932244443015072,0.11393029712997207,0.09065705869152324,0.33445595503584685,0.7641919150025449,0.08967555848310906,0.599056627829629,0.32050498409555495,0.18406167549451577,0.017866311473806636,0.07754743138456789,0.16879372307295928,0.8759090652961072,0.022587473146891805,0.3776931085705853,0.336127968956414,0.027099700705597127,0.38778504931283886,0.3647327963636822,0.1157177501975409,0.07027974056163934,0.010045611866534966,0.5460321850172908,0.035991123089757895,0.4447289724271956,0.03278495578410542,0.010410018192432962,0.15715348850493616,0.2275638744098012,0.024693707090790815,0.8569584916857855,0.11234806322258546,0.3600439009157774,0.4370011844008286,0.11303277137470465,0.020766761090261026,0.10520070069093423,0.3092962674022083,0.33861251431747513,0.08918275827423643,0.2980703141724035,0.44662373963194213,0.17196178412099009,0.1376070935303688,0.07426953501447119,0.42073467776438767
0.2344463938698401,0.13269646619477782,0.15192141339031193,0.40011181716964883,0.26068465551187364,0.0003485626792313649,0.13111301929576744,0.3383155263500386,0.18736334315246425,0.026509252537264417,0.0688304216324431,0.37909084198450016,0.09308031267845274,0.17267410496788563,1.0,0.2775363954770386,0.00647965804322514,0.13950065390530095,0.11449364363280932,0.6209506443722859,0.34449527885844283,0.10495448478687176,0.29292737285345305,0.32830748691960243,0.41599221973206013,0.2721314021220044,0.5989072847618933,0.14125250236032108,0.1482709907553106,0.005090584912000041,0.14897446820685445,0.24251520650102182,0.5768800757053368,0.08302549567510223,0.20491159270715933,0.04245790062902948,0.24127952783918696,0.5745505362249428,0.0007645600745455318,0.0011736925212886243,0.023549723295301687,0.1381239192839393,0.06566719898898433,0.33000277908396825,0.1412297398780617,0.2625082261841916,0.20104761684457423,0.017513204665858484,0.1372558447840212,0.07288569947410775,0.5471322934729821,0.28008657580065827,0.0029495257751917573,0.123243618350131,0.0073611297000338175,0.1588908603709461,0.11536776509088842,0.21796006523677533,0.185052111710772,0.1645137356749494,0.03443581930014426,0.04035140612672259,0.05196299440262463,0.018035328963847568
0.25716889597749193,0.020414596256187297,0.08047001923294717,0.3322578234395333,0.25106912863685615,0.10531750003253354,0.6227370728821394,0.6252170513671854,0.1374044248540318,0.18439681420237536,0.2837151959795753,0.5559655914857979,0.19316738769097425,0.30680046045947507,0.2775363954770386,1.0,0.0010206395801063987,0.1993577864492765,0.29505749505120965,0.05418790472033911,0.3779365774024252,0.0674382248538048,0.4284754931462381,0.033919560785205805,0.5168775294549206,0.49944245224870787,0.4601342646825108,0.005373421720322669,0.34699006201356253,0.2731753358640508,0.34880805909298873,0.5185735762296203,0.24035998648976106,0.2894668038616807,0.09200370640963232,0.017302010796140316,0.6969383723935164,0.3954396605353934,0.19024247806073372,0.01112996466006321,0.1269121039308226,0.3797448561849356,0.15930786513458486,0.17942800763162828,0.3310417888754973,0.1725125197283686,0.37934364133227055,0.05996071828211595,0.20821782462216004,0.06839979595791483,0.3260979725789048,0.4922029747396446,0.07770694080530983,0.3129119119329589,0.027796232551237355,0.04935476751163509,0.21509777383357764,0.3613794182167918,0.09308140143896326,0.07334740456882065,0.02591477268873468,0.046910866415323396,0.17489144223515626,0.27116847034962877
0.22936840270075598,0.05475214116153301,0.009610241992585667,0.001278219286500727,2.4711607483004778e-05,0.06885155280442458,0.033482769585076594,0.009520760963557149,0.15070377289754402,0.0012269290700004662,0.0308715814471678,0.008544197733816398,0.004339145391562643,0.05429106716216383,0.00647965804322514,0.0010206395801063987,1.0,0.0333803761252691,0.040009614785191085,0.012772048701796717,0.017089088274424662,0.004171656706476736,0.04609615450922883,0.012523943909466661,0.017627183983310677,0.08426828232248827,0.007191372681399482,0.003876129055646202,0.04223931847284935,0.12901599356301974,0.03926504156969674,0.002064449344594186,0.008150407409921937,0.08866600837550832,0.003389547990962895,0.026388129264223154,0.012214097692832425,0.0027064837516916373,0.008375560211298372,0.05545511434681973,0.02521837022774743,0.01234603582358793,0.0005355149747072705,0.0226842163221332,1.0154909873449084e-08,0.07277195730515423,0.0055964011258021855,0.06526728490399648,0.10482620394754463,7.88377667949163e-05,0.020984880752621105,0.07617749946119613,0.0009031017436888188,2.081864936250641e-05,0.5421030749028511,0.0040291717580657775,0.003678685468820257,0.03513731030855938,0.05522567997462068,0.29559341098356173,0.003591411011953945,0.23487975648944254,0.0013568626176104833,0.042892085517319316
0.3649825154593917,0.1881017063698008,0.07464034469033372,0.15438032917426187,0.004227342009139361,0.2902839567224925,0.1688589174033689,0.27523635260635126,0.12912433869140363,0.5436372123782853,0.3407694063758016,0.1331705751521503,0.10992878675903682,0.3955697995000709,0.13950065390530095,0.1993577864492765,0.0333803761252691,1.0,0.4574267302211655,0.09691645980807433,0.022842071914498215,0.01850694683847844,0.7051173104476097,0.024934173970513722,0.09142157926651616,0.1697946837678752,0.2446438848323292,0.010648323358789338,0.10613580080670307,0.2558728096906501,0.18057902097420958,0.06813894247348491,0.07889899699615843,0.17672141462267,0.06135880407188466,0.05147367667149812,0.1187894071131299,0.15633093354572192,0.0956172662041394,0.023578572759122937,0.04026192887256389,0.02449191469593684,0.12905527790200289,0.04952279110579289,0.021980193893652297,0.1347379903504959,0.28135697721342295,0.023945417764006195,0.24204924980231626,0.0015910241529078198,0.5294546309651562,0.6615530515630739,0.145378962080071,0.040603565060172646,0.05672560908038299,0.04081262044377078,0.6369463849748206,0.056823147131173236,0.023758754082355574,0.16204725060055883,0.0014955843889422693,0.10771149210347059,0.25666066107111374,0.35303667827368956
0.5412493550563717,0.1754755881716539,0.40799566382958413,0.10835751256544406,0.12822782680987752,0.24549037289421244,0.16356302719290025,0.6031103971569266,0.09098301844004497,0.36169815380442955,0.2538524994788887,0.1145534111542745,0.06910188101756652,0.8932244443015072,0.11449364363280932,0.29505749505120965,0.040009614785191085,0.4574267302211655,1.0,0.07830378106093956,0.05618849438004366,0.14986655050117603,0.6590290055275383,0.04020972177414354,0.498321656388104,0.20787081784762398,0.1392015703151559,0.01789221298618064,0.07911417289384481,0.2253902331676731,0.7920992477140659,0.017917055808424225,0.3329906656870583,0.1902567127227197,0.01574602471787614,0.41068742670526365,0.251809922118299,0.10239134017466067,0.14611638039299366,0.01518706147038415,0.42827988320616245,0.02865545735129227,0.6658508723664821,0.012537962104727945,0.01266555531000626,0.14943517797890038,0.131580758052702,0.02457565073068567,0.7816973548584257,0.04192173244254716,0.2898717206907501,0.4344163553663013,0.24499090718315597,0.02156734587648136,0.08822561194336424,0.262916659841352,0.4395267866264475,0.0441443233246886,0.1889605424213713,0.31225552506596593,0.06339550399714092,0.14606672386535227,0.05981211669037695,0.6190942213590301
0.22222715309936059,0.33008243163803186,0.09753984272028028,0.10380469702691301,0.0435063951516894,0.0007212085730130994,0.06926772470356604,0.17985853017208386,0.30023662214513036,0.008551193805770485,0.029838622930643995,0.19796801557559243,0.07072071193339027,0.11393029712997207,0.6209506443722859,0.05418790472033911,0.012772048701796717,0.09691645980807433,0.07830378106093956,1.0,0.1976797158915675,0.04523764844133277,0.18332368886309347,0.3377118994065857,0.2303410134967901,0.15901006809800466,0.2855457029213059,0.28500960803130887,0.1449521974771563,0.0064907282460242716,0.0941475267468025,0.05723428291252235,0.40558172929732117,0.046015952179205906,0.10781249268216696,0.04200578519611413,0.07523036596867272,0.22940254001165125,6.532250575392329e-05,0.00019198749375652936,0.012223052207061384,0.08689711323731565,0.04477164163343699,0.24582657177875636,0.02088273634053302,0.3819755756277291,0.0580670059777547,0.040373015360838135,0.11421429524941534,0.017282292615164622,0.42742560740915914,0.1908904244905563,0.0029304368322947702,0.02605046251823463,0.020572897532218883,0.1079101419844677,0.0586168802079333,0.08939925279229598,0.20634925416676245,0.20920300553937948,0.012499888905442631,0.0887689754290288,0.01387440787771512,0.014393211640642329
0.2748817783082924,0.050553372427967376,0.035589282083254736,0.1751470263541433,0.12060472500740299,0.00998911214092091,0.3668905598326529,0.2758655082408216,0.33384848863957733,0.003503769885411375,0.07744335042211928,0.3627557075037258,0.03765382529774995,0.09065705869152324,0.34449527885844283,0.3779365774024252,0.017089088274424662,0.022842071914498215,0.05618849438004366,0.1976797158915675,1.0,0.04042514882867638,0.1456885377935493,0.2383742224820081,0.5196330153559269,0.6391039462394991,0.21683688660980485,0.17379627732825975,0.4220931249800642,0.0921254861385732,0.16501324140339063,0.24908283334549214,0.32050180350753527,0.22187519470814487,0.021324126542449837,0.02224320042439249,0.5343101324906894,0.15613078926602292,0.04810759670088479,0.012514888203218714,0.03048109117638935,0.7324564641882577,0.02703834368156269,0.45465184118201873,0.087919214164627,0.4343518953153644,0.1714103683207576,0.2898682354781767,0.1284872489250284,0.06171812808268607,0.15033658092204363,0.1812696518559848,0.00582159345069247,0.055629530235801306,0.12235359798721632,0.03410638183927549,0.01819835215990689,0.6092578654263827,0.5166894703595655,0.24531528125510094,0.02043094896103968,0.1753205654937254,0.011602003568066094,0.04921637950129928
0.15832500938499094,0.006728028389135631,0.2765345353808449,0.17477141270870833,0.1908517926027482,0.0002101447482765397,0.010485581838453127,0.08075049530920986,0.016085510813699376,0.00919312501356661,0.11286136420406276,0.013616383034511547,0.0013797512302336575,0.33445595503584685,0.10495448478687176,0.0674382248538048,0.004171656706476736,0.01850694683847844,0.14986655050117603,0.04523764844133277,0.04042514882867638,1.0,0.17544939686697542,0.14315008239005922,0.285580736524349,0.11334756000273807,0.05326863153665714,0.0012364446609758031,0.0057112243247389016,0.0008058238651946882,0.30331089097806696,0.002729865568112059,0.1501667186542753,0.1396562173521163,0.0059964202976615115,0.07487500253356277,0.1810550582527866,0.02177387512864679,0.0002206105873313289,3.146218507684347e-05,0.2386103791232879,0.004910554044108026,0.05249695084957583,0.0210474741351094,0.0009287705257855123,0.020000877834388826,0.09472271898029189,0.0004836716110193628,0.23245301680524433,0.490828831285048,0.07011319787417875,0.04600963877119833,0.0008314767018674167,0.001323624892778831,0.0038585479320638297,0.13429027122198292,0.016148711844048,0.04570791054424556,0.18297584389021032,0.14682595041330193,0.5565017982502788,0.005688843292436675,0.004122950913887811,0.01175818142242346
0.6708992217557139,0.17253717208259564,0.21533157094057465,0.39913660655074357,0.12190988489392396,0.18493327537734894,0.26150667816765294,0.45156189703106986,0.21047914035175022,0.3708815643555344,0.5971263655584176,0.19936655647808268,0.09671880737685454,0.7641919150025449,0.29292737285345305,0.4284754931462381,0.04609615450922883,0.7051173104476097,0.6590290055275383,0.18332368886309347,0.1456885377935493,0.17544939686697542,1.0,0.11041400113053984,0.44415811220056195,0.469011531666896,0.40874089662404894,0.026289018795421712,0.15936724714217526,0.23974927473278315,0.5557956129626198,0.09872308642571345,0.2661629999376934,0.47477125274247783,0.10735748343451681,0.13595412889478614,0.45795858288733265,0.2276797040826592,0.0722195688551638,0.01896137806276739,0.25382604061538766,0.08285343243571387,0.198477344846881,0.14084941553962307,0.03043721412416491,0.22681159695688402,0.5327161914528805,0.045456892044198824,0.5431251369429979,0.10577458384508492,0.6810156119185536,0.7276238081550976,0.09464346457469751,0.05913334246159825,0.09812320912903053,0.12253957505287337,0.44448052927701565,0.20201487407287944,0.19933436372593177,0.3705200570791348,0.0731245100693241,0.1504627354896891,0.2694565346670279,0.36496688208311723
0.17165462469356926,0.03605259545174685,0.04020315745576304,0.08251707959444751,0.05140884614940962,0.00013855326483078008,0.023927391486979685,0.07295687240208731,0.1361117355948597,0.002754592006438977,0.03095258304234852,0.062272497596554593,0.009982656188016959,0.08967555848310906,0.32830748691960243,0.033919560785205805,0.012523943909466661,0.024934173970513722,0.04020972177414354,0.3377118994065857,0.2383742224820081,0.14315008239005922,0.11041400113053984,1.0,0.19521363231147457,0.14661440247474813,0.08111531015462493,0.04492225083124305,0.045944409520693494,0.0015882358233154485,0.07923791793932489,0.015729151273199484,0.16251700253782872,0.06451827814209868,0.016469383681859965,0.012486028800371378,0.07803674732569083,0.04746263070818719,4.1509279334661845e-05,0.0002995152428215041,0.02508145877240193,0.05287963392558933,0.012602319252261513,0.22791304202987586,0.0038543563908861275,0.13621441277947036,0.04153791677890432,0.013752681102770793,0.08381310172775316,0.05519407612204868,0.13617071531713948,0.06645222465200774,0.0005243393164358215,0.0034940538938569615,0.01337562931268847,0.018198783375989513,0.012878935338430748,0.09624379749715273,0.3490258993878009,0.22299248833309127,0.06925900695808652,0.0340232473297183,0.002668038883170947,0.006473894035862116
0.5044455184000932,0.07684335610081781,0.3771090093641857,0.23580824356720773,0.38188489333496434,0.0527068302186035,0.3125353157111964,0.6913386688355724,0.22137555451501173,0.08879300101964045,0.20863051411163036,0.3625939458221779,0.05136672382128985,0.599056627829629,0.41599221973206013,0.5168775294549206,0.017627183983310677,0.09142157926651616,0.498321656388104,0.2303410134967901,0.5196330153559269,0.285580736524349,0.44415811220056195,0.19521363231147457,1.0,0.5020997881852342,0.2630051393456174,0.12616168491042562,0.2891591015257854,0.12162812948612525,0.7534997337560715,0.15986140536525878,0.6942641249850692,0.2740290207175199,0.023845020612641436,0.24766546836525036,0.5991333699675598,0.2272425492178799,0.08528690792658876,0.009354417982370649,0.3858638541111415,0.3321420298203814,0.3568950858307716,0.16544449217911186,0.11133639867388384,0.35968327238278336,0.18916785567835886,0.13108966292750635,0.5900635210211,0.14723377843622357,0.256398368961039,0.27754476860345056,0.053027486582163934,0.04906811589656173,0.09483746901342752,0.2822970086447483,0.1497124075981926,0.26620622714683995,0.537256834291389,0.36327624473570813,0.13377822969709924,0.15643257828975957,0.017700404221338666,0.24652112085790176
0.6225582855231504,0.09736407346483632,0.07595009110033848,0.31824408579120517,0.09526937853940338,0.08787908733944531,0.5116530679090769,0.25731699830636734,0.44190125794285035,0.05029179116923547,0.40869489549362725,0.2739604591844805,0.06425489363793603,0.32050498409555495,0.2721314021220044,0.49944245224870787,0.08426828232248827,0.1697946837678752,0.20787081784762398,0.15901006809800466,0.6391039462394991,0.11334756000273807,0.469011531666896,0.14661440247474813,0.5020997881852342,1.0,0.3765257524165751,0.05508626261696403,0.38736534581866194,0.33476796461166014,0.37786429581149183,0.2717419548820468,0.20276063936725286,0.703976523580109,0.11180834945080852,0.06053604151202874,0.8011892318902728,0.18837781560826097,0.07379073509427807,0.0487708884278739,0.20077257094913456,0.41918711202881254,0.028371649061501306,0.5641961331096552,0.021175902902364964,0.38926476817714223,0.5374352546449576,0.19561719579979753,0.3376899515520705,0.10644738219868329,0.375211564168667,0.5244776287858836,0.014958235266631835,0.10963065995145835,0.26585180738891023,0.047244586227767574,0.07035227091865931,0.809585028882638,0.44919234689519366,0.4586295921573061,0.0700286910219365,0.2702622784992735,0.20974917588340278,0.167917215908677
0.263742444986357,0.1113141827555166,0.06881924298024564,0.6217837482613532,0.11061255739197032,0.012027561297178545,0.33131608076710395,0.32943098967019957,0.2055729477172966,0.06797420843345303,0.14184448831949367,0.47569040211592384,0.2452439843002215,0.18406167549451577,0.5989072847618933,0.4601342646825108,0.007191372681399482,0.2446438848323292,0.1392015703151559,0.2855457029213059,0.21683688660980485,0.05326863153665714,0.40874089662404894,0.08111531015462493,0.2630051393456174,0.3765257524165751,1.0,0.03403313827810861,0.2485922025799919,0.07228135384047879,0.14078988128494718,0.5135620309314799,0.21161084775698116,0.16705999077827802,0.6095196212842746,0.02210376061946105,0.332121826689999,0.7417176671082072,0.01821193689906513,0.0066807246449671655,0.024526927279131736,0.1649595077860959,0.05222055877720742,0.40224848768057064,0.16506826305249866,0.2255173192770294,0.4705928208320029,0.0338783495382983,0.13060685154679988,0.048378905469492264,0.8074804722223635,0.5404709818939722,0.011552471598410594,0.39009568371805137,0.02063898528189664,0.054545490309814974,0.13571690630608646,0.3233017015285271,0.08005608287190219,0.12932185462694631,0.017986403402555137,0.061857994199577694,0.31794891201970715,0.05933880634497981
0.07272594048538233,0.30281386187069437,0.014116886512556291,0.004175832927775177,0.0034114081701085513,0.002261277670759568,0.07720422157566292,0.1258913211614915,0.21317299092179398,7.373522787892192e-05,0.0017609600508381174,0.1833594270623021,0.07508861282122133,0.017866311473806636,0.14125250236032108,0.005373421720322669,0.003876129055646202,0.010648323358789338,0.01789221298618064,0.28500960803130887,0.17379627732825975,0.0012364446609758031,0.026289018795421712,0.04492225083124305,0.12616168491042562,0.05508626261696403,0.03403313827810861,1.0,0.3047556620943107,0.02516103928620328,0.02990092840932178,0.01945171578414015,0.2733584358457206,0.004575689566435533,0.004899558492376752,0.015807016422546293,0.01867575150276308,0.03485219228140547,0.035253125949943565,0.0823584182842707,0.0006779057752949396,0.22327191686792403,0.026987661048331436,0.028637379633645963,0.0016139509283053305,0.5191861999353025,0.0023047845363286124,0.4246063509146836,0.03615402934960994,0.000546509405986289,0.05332530972955503,0.05743023721470456,0.007210432730088346,4.102123147105329e-05,0.022033138060129312,0.03357011801768459,0.005184352459689549,0.023630506451021268,0.12394818982309559,0.06423543268561428,5.6007505971310145e-05,0.21000618608603394,0.0001912350663696598,0.02032795593142494
0.2802494587123217,0.32522868625216794,0.018942099059922855,0.06462488641859737,0.020461712805833147,0.05493402705618681,0.7931332375615806,0.42123889715180507,0.6260860826221779,0.007620149785969674,0.05606638888283252,0.7003837655663925,0.4662109456204444,0.07754743138456789,0.1482709907553106,0.34699006201356253,0.04223931847284935,0.10613580080670307,0.07911417289384481,0.1449521974771563,0.4220931249800642,0.0057112243247389016,0.15936724714217526,0.045944409520693494,0.2891591015257854,0.38736534581866194,0.2485922025799919,0.3047556620943107,1.0,0.41219131910178725,0.12475546662786395,0.46441113819339297,0.19007772919505142,0.11308492166395588,0.058551597395247,0.03895386923711752,0.24754259895322817,0.18371116119228895,0.38296068193885624,0.3170084688517776,0.014888592511632139,0.6200765523425358,0.061703000509726394,0.23120860748835642,0.21647990681433815,0.7878945728675796,0.11478601034401839,0.6330941663828671,0.12254995136947823,0.00557075853009307,0.219638058975365,0.4422554592143276,0.06195077659756115,0.2875631345674244,0.18906450320556126,0.018935870308033197,0.04042550882635644,0.24845002035945785,0.20142351608086353,0.19754274728136015,0.0021046980233313467,0.5153549830737612,0.08948112365476672,0.15462625510084718
0.34460020946453673,0.15377653356800253,0.008960448743107977,0.009818000712715878,0.0008054929296017584,0.550210059523328,0.596510954280628,0.23725531460392116,0.3328617557659105,0.09488097893277142,0.2492344925866968,0.2312823478774543,0.2593051488812906,0.16879372307295928,0.005090584912000041,0.2731753358640508,0.12901599356301974,0.2558728096906501,0.2253902331676731,0.0064907282460242716,0.0921254861385732,0.0008058238651946882,0.23974927473278315,0.0015882358233154485,0.12162812948612525,0.33476796461166014,0.07228135384047879,0.02516103928620328,0.41219131910178725,1.0,0.1756774163330619,0.18315541459645368,0.032688246759998166,0.30759556144595873,0.0054993257644273446,0.03943725862559874,0.2224983857393608,0.03222657112625175,0.3884188422615263,0.22144576332099666,0.059766036631621944,0.1413503920605145,0.07205898031815136,0.08541371623532315,0.04152279956960979,0.28323369659604347,0.1646182133407338,0.19292244021575866,0.19918091235860502,0.0005248569658567061,0.0898941739082137,0.5622108332677275,0.24002287474645312,0.13941117330425487,0.30478542845347484,0.0033118395938047268,0.07875097874665457,0.16538206321289134,0.07186147441759165,0.18423969516456923,0.0005904463187254237,0.38226219307589376,0.29458159047415167,0.5013561609852262
0.6243901404094416,0.09620770509110066,0.4344364792665,0.1358989761306927,0.20182789059307582,0.11279447561338764,0.1992190388126993,0.5588468533591544,0.13523707185275047,0.15739119246163552,0.3063422341721561,0.14270860260593088,0.0378599908699303,0.8759090652961072,0.14897446820685445,0.34880805909298873,0.03926504156969674,0.18057902097420958,0.7920992477140659,0.0941475267468025,0.16501324140339063,0.30331089097806696,0.5557956129626198,0.07923791793932489,0.7534997337560715,0.37786429581149183,0.14078988128494718,0.02990092840932178,0.12475546662786395,0.1756774163330619,1.0,0.03696374282980402,0.4032219311257061,0.35161660337820383,0.01490384122105404,0.43438473465865984,0.4541325284150779,0.09518821184673008,0.10182394107982239,0.01280822524477605,0.7377592033327407,0.0860813789777762,0.4849449468003481,0.045782083099207393,0.018198328258354997,0.20114023355949984,0.17497222588612824,0.05336395662156431,0.8757169777224757,0.11686862596500378,0.2177448545621413,0.32025666090759036,0.09651717249546934,0.021506412169713975,0.13173110489054712,0.2748676106583316,0.19792566739467637,0.12173120121883547,0.4232827642541541,0.4433968860427965,0.1736589331611316,0.162201800234363,0.03185834595614606,0.436724222920046
