0,1,2,3,4,5,6,7,8,9,10,11,12,13,14,15,16,17,18,19,20,21,22,23,24,25,26,27,28,29,30,31,32,33,34,35,36,37,38,39,40,41,42,43,44,45,46,47,48,49,50,51,52,53,54,55,56,57,58,59,60,61,62,63
1.0,0.012697251851666078,0.029632284364241687,0.22516113335749835,0.021538743399457383,0.015800253711159208,0.005656360695113973,0.0010075556313057401,0.011042093218874697,0.025582865850078164,0.009136453950670038,0.02506217709688026,0.009361153780153222,0.2076512927012496,0.0002575362507733569,0.019100869406435694,0.04491812932793558,0.05875835456574084,0.09988164244643369,0.0016556767445233041,0.13522118523111537,0.00720084902381804,0.22400743158401154,0.00601952878437836,0.04205112226803444,0.12990993360599182,0.010005283069948587,0.05064910871681798,0.001933061544716861,0.02375831919847469,0.14900566223602518,0.0022449077921461633,0.01077806347538551,0.07995121103948857,0.05382710403322478,0.01662478957416229,0.036324687860118984,0.0042256403006419785,0.032436789874899064,0.045235693149223724,0.26955565709885276,0.01789724800559528,0.08093198195760118,0.17256210921628168,0.0514596877928457,0.011963543069502359,0.020710443878345162,0.005289964881096334,0.3523091299918539,0.0411734712070019,0.04096419461728368,0.12384441036595525,0.0558390556670299,0.005273475015453046,0.13426311855963874,0.058961401791260845,0.012656492558963804,0.06823968834851932,0.07076018145795616,0.5939456664579018,0.047523425145387786,0.047696036761764066,0.33687863331224627,0.04428587792874646
0.012697251851666078,1.0,0.0016347044980315317,0.03876759317125698,0.10739516747476453,0.008526447446007565,0.07282556077358499,0.2866605606919247,0.03216730564543065,0.06726183581021913,0.04953277205406007,0.18857367628299088,0.007289211868189827,0.0008268051162291967,0.0012617439173945716,0.03143888360232728,0.054890552262283246,0.1636772884948043,3.07913325145226e-05,0.06598220775382012,0.061327318177561735,0.013247918356171298,0.01452035843573767,0.012165213494291146,0.13655036099306783,0.009895583419546187,0.002895522563829636,0.03366149290086294,0.06649465167528854,0.004443587344082978,0.007198117990200214,0.01619380260006445,0.061134166667687395,0.048169093667247816,0.008152154247264586,0.0017137765175503307,0.0015610261232747267,0.0062300331520788385,0.0367278361054055,0.009703789822561606,0.03414953212598766,0.024469131866479726,0.17859621262787076,0.1360590775232186,0.01316537896782258,0.07565523121582875,0.0090941912516911,0.03428503643491365,0.007624622307102152,0.03595117691421578,0.0021081836948125925,0.01771109545704872,0.009334210941251146,0.01811895576793172,0.03292107259142889,0.0006439163424114369,0.03591036498144182,0.06150029000772649,0.0014948825788963904,1.2562826260076407e-05,0.056896142201611134,0.07244905078074765,0.008137838428453774,0.013302501426028231
0.029632284364241687,0.0016347044980315317,1.0,0.02176856007112513,0.014128702230809743,0.0010705790604913315,0.0013886816679706676,0.011281115403858604,0.0046282527441344895,0.023471035934171037,0.0067722292746306215,0.0038794251189514183,0.011231079870477927,0.1336161621562763,0.07193616104044952,0.008281352874042296,0.03360726344303589,0.01901240716137798,0.06855102788725993,0.09915404725044555,0.01470523787032689,0.033546916593793184,0.03172266380347197,0.011463548369307788,0.03752072252653024,0.0031552204021235417,0.0027479749990129646,0.009091279958419069,0.020152270340423762,0.009030851936531078,0.10189836566889562,0.009677902476548941,0.024198541446813222,0.0055797584505343795,0.05921405764043913,0.08156245683087725,0.00867462214473501,0.00016016974803359746,0.0029689900737186717,0.011496256756999331,0.0283143998403367,0.04081610353625854,0.02029260488422856,0.03227334567358478,0.01366527626155059,0.0007818182418255073,0.018961112895733708,0.049573132591835344,0.06303320677751297,0.03635773227001171,0.02032669414720893,0.012918086697680764,0.010987025254012083,0.010249779663975956,0.0014617656121035136,0.7327913528918678,0.003010197222364586,0.011254287759027912,0.021129662498831095,0.02523132163923689,0.022226738190256185,0.0014292001347519898,0.01533312277326882,0.01694044056081264
0.22516113335749835,0.03876759317125698,0.02176856007112513,1.0,0.0005084974424773517,0.025392052902858384,0.11006808949745556,0.035968555773940265,0.10951142602278113,0.035887780371801015,0.04714058749163994,0.051645139690989154,0.019374410245142464,0.0008041192078045145,0.10417661649789295,0.0214391268654651,0.006268891508433563,0.04691336866590807,0.007206670494736988,0.04884064132476604,0.09310275683622853,0.013161193371739325,0.05461314679201742,0.0010180541514610757,0.04746944620472823,0.14427315975265814,0.2259815306848889,0.014719793977292282,0.03639049292644348,0.04409272003199031,0.019558238300904345,0.004527268882399857,0.10931280018215225,0.026760261243627185,0.10637020757407398,0.0010376184036817047,0.04365216475144536,0.048129342802609776,0.018075184519902004,0.0018800842123907952,0.11981153366600567,0.04408038949275601,0.06560030836525683,0.11206917595601107,0.011230747242555328,0.04343460494552711,0.12729924473839785,0.022370897351215904,0.011024590663543488,0.025188424255949984,0.0990081984918823,0.10807935462861838,0.003448389838222205,0.015728675288372133,0.08808960530005915,0.060794783369786956,0.03286954907924895,0.04761598533424074,0.042880006855131325,0.1687728185323052,0.016541517507568295,0.10950620603027722,0.2261956067571718,0.005667996882525261
0.021538743399457383,0.10739516747476453,0.014128702230809743,0.0005084974424773517,1.0,0.00043910180949058395,0.051792739028405255,0.13497066785282022,0.011220057665882582,0.07437287282393676,0.06074818536817812,0.006555855095932834,0.0665953121403822,0.017267554723946768,0.04068262084460636,0.16913510062056347,0.034502000141924706,0.05700421442945206,0.024618254532879993,0.00046554089153159753,0.0006412533410451014,0.03190775419461313,0.015162545401674783,0.04713473362295821,0.1990508053507644,0.002488335941802493,0.001328669994982702,0.11831314784090019,0.0012561025069763583,0.022724778729011342,0.03240930188993171,0.013317720848798039,0.10378849242745924,0.03502508408391311,0.0012886251589317166,0.08878946745966967,0.017494140833306297,0.006341054981289854,0.08483190550178396,0.03491996907579395,0.00015467399288792376,0.0680915430847876,0.02540706026381749,0.0092955104627452,0.16558037900912054,0.019153370464261098,0.052125042794111155,0.004198737271066147,0.02239044929109544,0.0016733266165139856,0.012704365856035179,0.07045827661967335,0.07955082620256695,0.13257243001991167,0.00019704151664525524,0.005724353987099142,0.02883760900384055,0.05073073391738228,0.01094396727941379,0.03610935252287623,0.0433413137519824,0.07341466748371923,0.007161572512359098,0.05359092973324282
0.015800253711159208,0.008526447446007565,0.0010705790604913315,0.025392052902858384,0.00043910180949058395,1.0,0.12153453048283458,0.001114205386115097,0.01649703950822563,0.132734919824349,0.001198128515718494,0.002147174513180597,0.013183276133316602,2.2827057817598714e-05,0.0663042031660275,0.018328923753454282,0.027127475743776257,0.056395657616815566,0.009704500991464578,0.03880221184539366,0.004400601017981102,0.03453179506810013,0.03623812649481213,0.00140479745952386,0.0080493471716244,0.002817543180310184,0.05221205531822112,0.0021303229655407086,0.0498119621375959,0.06345129704466651,5.754717919562684e-05,0.008996177180839298,0.02059960957356233,0.008201352047436588,0.02054123702400459,0.000785789996952013,0.00359475495395806,0.04416044532951724,0.006921365245799768,0.01209629213078744,0.014480665902632637,0.004259411606678584,0.025191848251573144,0.04691244177581736,0.028095200331364877,0.04505922314127745,0.0074550651419592745,0.02668511771776952,0.003988470616676291,0.05921729942486464,0.016401598155084796,0.0002681011127273918,0.043907370851841626,0.008806126930220164,0.03935759146041524,0.0010357351104217309,0.13886131552229827,0.004045415908497159,0.008686449391203369,0.014187677484632833,0.006563876229472042,0.012852449547393775,0.0007924952667392909,0.2640253683988735
0.005656360695113973,0.07282556077358499,0.0013886816679706676,0.11006808949745556,0.051792739028405255,0.12153453048283458,1.0,0.046082359283279875,0.021040981418875296,0.028782520818070766,0.11430480043256504,0.20775461311308085,0.11157471239667222,0.015178603360436705,0.23096079543686998,0.13777753574166057,0.0030372794356676,0.027166404451057162,0.0423267695827943,0.13142940453665028,0.030430361085758872,0.00944783569260858,0.00044199150300618974,0.00781090071283552,0.0068969226606250475,0.05805530574525502,0.04141927287427598,0.03475480819145887,0.40419996284582893,0.13925035180033168,0.015988795243192966,0.2023081754899455,0.0008207486323108823,0.052928892244076604,0.011657895338197975,0.014167861015340816,0.025986596539420686,0.10049818076055828,0.1173053850103278,0.11019042182805118,0.04636421792536067,0.11572656371814459,0.047804508342778204,0.047667585982442945,0.042925673505295546,0.03782147663825155,0.030867770105501652,0.05718147847429612,0.004903818616715082,0.004557293474369138,0.02619395882968382,0.1311519753124655,0.07068476962824002,0.10257795027768124,0.06557867358152616,0.00034489863960755215,0.007977019441355336,0.01849300033851493,0.01740810446746895,0.001444237628766734,0.014864203305069358,0.05084060229114099,0.011596535702339029,0.0522608167112018
0.0010075556313057401,0.2866605606919247,0.011281115403858604,0.035968555773940265,0.13497066785282022,0.001114205386115097,0.046082359283279875,1.0,0.004698381890332195,0.04340083939974183,0.09338709077780621,0.08897838449494999,0.10745955202586038,0.042101803078333874,0.0003616322196644693,0.13272250945365074,0.01904899876835589,0.0525842529450597,0.08393980460749415,0.039531971069503846,0.04130467663520468,0.07554564440862022,0.03203483903494088,0.01664473707293381,0.21275206435557595,0.13928440711237194,0.016989261069163517,0.004322550074653692,0.017630444445076127,0.003035578352829872,0.07922576274695842,0.004749383098616831,0.11569049096399193,0.36811878200634485,0.046997053196121234,0.01253631063622624,0.01997638261883255,0.025373139218856196,0.004150770269413873,0.05210421253409436,0.023798468859896525,0.005351117778807235,0.14614582567039655,0.15258986147928794,0.05490377871359494,0.014425607428132894,0.058999311737864144,0.0018814345135595894,0.03133047705834926,0.07466074566883481,0.0084240107505539,0.018074028877416676,0.00039380264167598894,0.08452040797825736,0.03001596366334728,0.035308921556415226,0.05403777496382882,0.21232018245093853,0.005246568473464134,0.0002583333147583535,0.013433685313668802,0.013128921986747939,0.13530312806657094,0.042981882292901584
0.011042093218874697,0.03216730564543065,0.0046282527441344895,0.10951142602278113,0.011220057665882582,0.01649703950822563,0.021040981418875296,0.004698381890332195,1.0,0.0038229586421044607,0.00986275799384356,0.004436862636421532,0.016445592729782774,0.03768729454204396,0.026798178169302023,0.04002795999199453,0.05251647239488067,0.01575424937178375,0.026731266117223262,0.02899084882591381,0.001591050091093885,0.0016813467963205904,0.001779546637821811,0.0352158251298993,0.009307415354717699,0.07340196451813162,0.04934820953349383,0.009729327679502778,0.15192295929662317,0.028454855506046626,0.009178718147949044,0.01243830094290886,0.0056118339065258415,0.010059269808162977,0.011683803626248436,0.004268920456141721,0.009399724093712435,0.01964580834804514,0.02777733381772699,0.05710285407566384,0.0606132021208659,0.028143309517542466,0.029426065968099383,0.06865654867334359,0.02576692798292291,0.3938646572526,0.002005922629083269,0.13522314929520068,0.05894615682873611,0.008407977431480806,0.004098246527137827,0.0452040362709448,0.02675469323331369,0.015964589972454153,0.10202629349812829,0.001754328847645877,0.002629166907251272,0.017304227504803614,0.008764625692413047,0.011262125167891672,0.04653687216528057,0.29072867190277907,0.12698282610004036,0.008327699373395147
0.025582865850078164,0.06726183581021913,0.023471035934171037,0.035887780371801015,0.07437287282393676,0.132734919824349,0.028782520818070766,0.04340083939974183,0.0038229586421044607,1.0,0.04744308761751641,0.015161969657669921,0.03488880685544119,0.034758451547680314,0.0005119779124681964,0.08886197918931833,0.0029763198050059628,0.10628036822913012,0.11254630585155528,0.028131570249396075,0.008550378262952877,0.008408086139641165,0.04902576911139064,0.005093474250062166,0.0537856862664033,0.00916843069676511,0.06030738291341341,0.0011636928087479308,0.015302911060869132,0.025553255062990263,0.05082962725099152,0.11709191352932115,0.009640573634351408,0.012817901362336492,0.009830423389172449,0.036656113247027076,0.015036326314579043,0.049151107550530954,0.015668488151191363,0.031202052223303682,0.05709197641073591,0.010489203557990573,0.02476308628176177,0.004695743917987832,0.045471448490725826,0.05098201705270637,0.037877603180749495,0.013046323327547151,0.027743645309769246,0.0059785672638317695,0.011355528936298532,0.015094678825706751,0.012392014805058376,0.009493809579677404,0.0024861289595173703,0.06421898331789096,0.5277785215007172,0.03266912127510793,0.009041512972566081,0.0422270916904354,0.004455754881578053,0.00191382735439137,0.0502184555294219,0.045768446056956354
0.009136453950670038,0.04953277205406007,0.0067722292746306215,0.04714058749163994,0.06074818536817812,0.001198128515718494,0.11430480043256504,0.09338709077780621,0.00986275799384356,0.04744308761751641,1.0,0.0630437706886817,0.14589400321838747,0.025714195520807878,0.00038143771092352273,0.15720002662755694,0.10921530959779144,0.045377169786167924,0.01698390938895388,0.0850915120166511,0.0050915926085265874,2.2057862271827713e-05,0.14864792587248946,0.0006158396935520378,0.009065686769125817,0.01838938785151162,0.03307032446270417,0.10541554465991367,0.020998341527968655,0.018031700922341562,0.03381302401696018,0.035605883800655214,0.0016976675728104474,0.40663862019572006,0.007871459399871378,0.041271017768463564,0.04980506456680856,0.025960036674475922,0.0371375975723329,0.032470842406135916,0.018045211940091878,0.003242388745863667,0.0006180705675496955,0.018014630436891752,0.18980757749636148,0.0027101607672676362,0.142857205094591,0.026468939685233877,0.0010646546990024338,0.11296026846145989,0.021193188429850646,0.08383578164484855,0.02721268564921809,0.025019270936536477,0.029887267184869448,0.0012606867480617588,0.027010297576590597,0.015507200926546016,0.02104093334826675,0.07627363956109658,0.0024048380552465195,0.042140615201106554,0.040309559204125586,0.020922958135391377
0.02506217709688026,0.18857367628299088,0.0038794251189514183,0.051645139690989154,0.006555855095932834,0.002147174513180597,0.20775461311308085,0.08897838449494999,0.004436862636421532,0.015161969657669921,0.0630437706886817,1.0,0.05879045173122627,0.12453248182731788,0.001374391600382681,0.07542553101180206,0.013942450092018051,0.05577658726528027,0.24461047394035143,0.19330710942072454,0.16130060128512927,0.05651896679782791,0.04583630685604071,0.006498185885088954,0.018525860282327417,0.13294370343419815,0.03694995130676298,0.07047011418102192,0.28789320946367175,0.00027290567502417197,0.02744203232981457,0.35976017904232915,0.018367626075873233,0.003630764330211593,0.0198353078582094,0.03910616341477114,0.04789165182977924,0.05999395421897585,0.021142038776387907,0.014663513058404385,0.0025072267392563514,0.11400661663089497,0.1166439457719724,0.0361161664840072,0.045593871682493,0.051407900530949416,0.030952505337585104,0.10665839312245018,0.03187219132645046,0.002161753319425439,0.007219875087825399,0.054591083124749126,0.03444142796697022,0.22985975659727312,0.049341414920403254,0.0026668030016089844,0.011360490501513918,0.018758170917416495,0.03397595049995654,2.293465123232918e-06,0.03361988736694339,0.03323885095403331,0.10767290252943082,0.00803066335930368
0.009361153780153222,0.007289211868189827,0.011231079870477927,0.019374410245142464,0.0665953121403822,0.013183276133316602,0.11157471239667222,0.10745955202586038,0.016445592729782774,0.03488880685544119,0.14589400321838747,0.05879045173122627,1.0,0.028601202970304877,0.0209881390293463,0.034796957328292584,0.03446997233964362,0.007161141358709647,0.09439023765264334,0.03923793506287267,0.17671433067107925,0.03270019958218634,0.014119994296243173,0.09957378144988917,0.015538495432254466,0.08565244984989921,0.0005522165296065772,0.009457973877457794,0.07580240541614698,0.021599358995539646,0.012776677758954906,0.07159898742435436,0.016530051837051654,0.217126721955496,0.0012927109621510228,0.0028577950763344377,0.07820155798424312,0.0005753936872644402,0.03563705571736654,0.021962744757256205,0.012438161475501334,0.04762252571263458,0.01938201160550977,0.01799465880023704,0.0479596958726352,0.020821568830468196,0.00241674602076143,0.012259393592442658,0.012816791030870444,0.0023160048144932437,0.0027041802804217132,0.12781229094120078,0.017884496630680865,0.0695947922325186,0.009014561014276055,0.005530192350552859,0.03628802232155686,0.1011486681486027,0.006043758267106902,0.004605257316381675,0.0006262685348156067,0.016167519020546778,0.032491906367965194,0.15260714336495515
0.2076512927012496,0.0008268051162291967,0.1336161621562763,0.0008041192078045145,0.017267554723946768,2.2827057817598714e-05,0.015178603360436705,0.042101803078333874,0.03768729454204396,0.034758451547680314,0.025714195520807878,0.12453248182731788,0.028601202970304877,1.0,0.03366187402541825,0.0017268277008242812,0.04807909638156394,0.0022780848900185663,0.5742276024117676,0.0711571556108338,0.19801605208573783,0.029357836055316486,0.36382890958829217,0.03481714302669688,0.0934839728923463,0.03486269402025155,0.02235768917194817,0.003328196549683502,0.060067197968571705,0.0016587472656947923,0.5589059813985082,0.056684521572992835,0.013080315313533424,0.0016181112680754522,0.03919342370626243,0.017529025878352436,0.01377901739336678,0.036279057235567375,0.004195527373527198,0.09208196409529483,0.08607563817795331,0.06024184147389109,0.000691399090955148,0.12454280915747631,0.0008760689667284298,0.07404303221420075,0.001521220363072286,0.13128227127151892,0.5862116261156249,0.007908834138652317,0.004504972164411292,0.015766494579372112,0.020262173450185897,0.09302061888997125,0.007599048054133771,0.08500361364680137,0.0468137732374432,0.16828026212610447,0.016368707147621675,0.03383367310241936,0.0166019764377466,0.0022967615608727463,0.016631323275027546,0.017292429817524265
0.0002575362507733569,0.0012617439173945716,0.07193616104044952,0.10417661649789295,0.04068262084460636,0.0663042031660275,0.23096079543686998,0.0003616322196644693,0.026798178169302023,0.0005119779124681964,0.00038143771092352273,0.001374391600382681,0.0209881390293463,0.03366187402541825,1.0,0.0010994422149328423,0.010071206996039818,0.020690829315487873,0.000988727846852882,0.09437112257506097,0.00042628871096111516,0.10578643913695712,0.0024110357042502256,0.11038527328583914,0.011089775034256618,0.0028866233562971034,0.1499130614316152,0.0011995084039469082,0.31398828829785963,0.04312617519581927,0.0001416876280062621,0.0006535675802186483,0.10122675094018065,0.005899687883631699,0.02163296165911286,0.0015942515797100982,3.6974860700005254e-05,0.16844624486784912,0.05912617757231986,0.09430138394972087,0.03484640912409076,0.18859957808895586,0.0008138063447971174,0.001800866076717744,0.000911752961362537,0.044196324692881046,0.010561935434691447,0.13759825971913345,0.0003706553344760328,0.03382557944028033,0.09707160364987397,8.498922110672652e-06,0.04828728308992686,0.0002604567710275138,0.043977793918199774,0.025504558977939656,0.018383083902253326,0.002059524544741517,0.0006126440878516097,0.0003886288534715437,0.07999663879896748,0.014578630620810632,0.0014930469089230543,0.07854497176467538
0.019100869406435694,0.03143888360232728,0.008281352874042296,0.0214391268654651,0.16913510062056347,0.018328923753454282,0.13777753574166057,0.13272250945365074,0.04002795999199453,0.08886197918931833,0.15720002662755694,0.07542553101180206,0.034796957328292584,0.0017268277008242812,0.0010994422149328423,1.0,0.000922600518426969,0.0078116395116962474,0.0006710105867770773,0.08911081152422722,0.022448959817604155,0.0022567792333309873,0.02609430606502787,0.020107040178589386,0.04772013562427066,0.029201747067051732,0.07348751233091369,0.20355787640104825,0.001974239759637722,0.020206523188915946,0.01305977080690163,0.0683724806840799,0.0266906134022464,0.033485255849346696,0.0065969216378208104,0.05772961810206328,0.23549293039154873,0.048153485051847696,0.03350700575524874,0.12618743553473596,0.0018264755512255367,0.01846262871191331,0.0013692628833614476,0.030850597749276926,0.6705596168926801,0.1276424667657689,0.008307489299783727,0.02433073394853877,0.0005524972593982991,0.008207003710481654,0.022878288237614206,0.09806129432064645,0.00011494294117110576,0.07382299496247811,0.030861850974884385,0.030241436053784113,0.02007645983198267,0.10038125544889522,0.09070316466376492,0.09401930488879809,0.01198398104398399,0.08007203018879372,0.0007604729104681987,0.0052131219667632765
0.04491812932793558,0.054890552262283246,0.03360726344303589,0.006268891508433563,0.034502000141924706,0.027127475743776257,0.0030372794356676,0.01904899876835589,0.05251647239488067,0.0029763198050059628,0.10921530959779144,0.013942450092018051,0.03446997233964362,0.04807909638156394,0.010071206996039818,0.000922600518426969,1.0,0.004535210192815702,0.0014492365950637088,0.0021305843721099726,0.025554928278535345,0.013795541174305745,0.09085509241661958,0.10099401848358387,0.05591389198475256,0.08074814283038627,0.01731997046082006,0.004266310477497006,0.022248921112687187,0.012478820618190164,0.04303143849952183,0.0066492653454466215,0.028585377025149954,0.15451611999759496,0.02851066763058957,0.025374343707868258,0.023256338021388955,0.006051154557036503,0.032658985278447905,0.007583606104508902,0.03406637413943527,0.004594726648052741,0.011890310066359013,0.14832011916926194,0.002611743527517052,0.03564870156942812,0.02700632608381022,0.015358157832710627,0.016858365293561012,0.019639116236345608,0.04712456679498668,0.0030153277258506425,0.02463821708995074,0.05242791584588047,0.1532789452126592,0.02330587086681387,0.001398651899449828,0.04392429552958192,0.008492267093592465,0.04199040301166044,0.04008174833769175,0.0397758319391158,0.07395818456778594,0.05516064750870544
0.05875835456574084,0.1636772884948043,0.01901240716137798,0.04691336866590807,0.05700421442945206,0.056395657616815566,0.027166404451057162,0.0525842529450597,0.01575424937178375,0.10628036822913012,0.045377169786167924,0.05577658726528027,0.007161141358709647,0.0022780848900185663,0.020690829315487873,0.0078116395116962474,0.004535210192815702,1.0,0.01888668390063266,0.11874729459123914,0.052457958242242246,0.03227345289742846,0.206102951195476,0.021709871009156154,0.25922136058175466,0.019733268196772787,0.11089022109431373,0.008388733193752482,0.015567089704339508,0.013052684895395059,0.05299636707502217,0.1180128691816503,0.05248619763892208,0.019178004372256988,0.002702026792547213,0.00011292699663214497,0.010117159552503198,0.06452868036393308,0.05201450878887934,0.10157721742633803,0.007269627427621028,0.007310796281231137,0.1140089924523808,0.11669135406753813,0.027539505501361642,0.004450976341556102,0.005101050163795102,0.026414594372162998,0.007880931488916498,0.0037078992005388214,0.10298796666407632,0.2142317598037486,0.1559508696783749,0.04689128472282306,0.02295805591529258,0.013997147352282819,0.2097389762374692,0.010678723421835153,0.0008228807360019658,0.011973843200641505,0.0010392578291443723,0.029223965023825203,0.01305120891434895,0.008084565233211414
0.09988164244643369,3.07913325145226e-05,0.06855102788725993,0.007206670494736988,0.024618254532879993,0.009704500991464578,0.0423267695827943,0.08393980460749415,0.026731266117223262,0.11254630585155528,0.01698390938895388,0.24461047394035143,0.09439023765264334,0.5742276024117676,0.000988727846852882,0.0006710105867770773,0.0014492365950637088,0.01888668390063266,1.0,0.08626213074818549,0.0609195738424898,0.010723007516547423,0.16677798485226292,0.008359615039218725,0.03702699914802158,0.00115359615348839,0.021245166661530895,0.00040903074754076833,0.1812255083064202,0.0007206800681250733,0.3618098133721214,0.08288432484385738,0.010505098348946949,0.09579106477754049,0.010532667002318724,0.0654252967476983,0.008567618484259016,0.030529261469552753,0.008083954620087442,0.09832960726144648,0.1643122200902116,0.10344119502209631,0.158816811608117,0.04606434501994672,0.00110047553155257,0.1144286362854418,0.006529981598742991,0.1141432370780661,0.3740379666839603,0.032460487453184333,0.0005495880569540371,0.0205714229381474,0.02836833863161947,0.10655947319557652,0.0077560450511892426,0.08004494479551408,0.10531738882275103,0.0835764806633821,0.007154303227623595,0.02037112320502802,0.03680522967878348,0.0052998495550902434,0.020686899435540737,0.11634787066450775
0.0016556767445233041,0.06598220775382012,0.09915404725044555,0.04884064132476604,0.00046554089153159753,0.03880221184539366,0.13142940453665028,0.039531971069503846,0.02899084882591381,0.028131570249396075,0.0850915120166511,0.19330710942072454,0.03923793506287267,0.0711571556108338,0.09437112257506097,0.08911081152422722,0.0021305843721099726,0.11874729459123914,0.08626213074818549,1.0,0.036432973618499856,0.028469152469060746,0.006837394315374013,0.07681524487868072,0.009256696326445277,0.03727764632936524,0.05070699569686822,0.021835421069555383,0.1994616580723937,0.017414249657466692,0.01984790533701974,0.16572937945126942,0.050008234336940245,0.03016448985386982,0.012380773559766196,0.023954558357065503,0.016717641451187634,0.017814679642929834,0.00893275136683933,0.0003810267987952805,0.019626032897065833,0.047330231769270543,0.0558047707635313,0.05678357304363373,0.021292182788315326,0.04818211777059186,0.005615050320147002,0.050812536100673725,0.01102134404616882,0.012844883877630758,0.023423775486856938,0.06004486766934553,0.0038653710282205997,0.06371599534022858,0.00913757635706869,0.05392017221487406,0.026795393916574404,0.008911409587357663,0.023504469127058232,8.211766025730463e-05,0.03961667174627748,0.032840043539530094,0.014820650694163317,0.007231758456676908
0.13522118523111537,0.061327318177561735,0.01470523787032689,0.09310275683622853,0.0006412533410451014,0.004400601017981102,0.030430361085758872,0.04130467663520468,0.001591050091093885,0.008550378262952877,0.0050915926085265874,0.16130060128512927,0.17671433067107925,0.19801605208573783,0.00042628871096111516,0.022448959817604155,0.025554928278535345,0.052457958242242246,0.0609195738424898,0.036432973618499856,1.0,0.008174661856181467,0.08961165214383388,0.16671574947897488,0.04433835521834255,0.1472460800504305,0.012995605769760787,0.007650414463551422,0.07391326198068622,0.004831541122674273,0.14555892481833446,0.037476623384052575,0.006213320991149684,0.003013425447548374,0.0045540363828063014,0.002771469017697561,0.0886501348037072,0.016036575088003126,0.039863892045445576,0.005058524206143038,0.005387540357814116,0.2429615109890502,0.15214753657341323,0.10861088699413914,0.0031204484067734284,0.05294455924831696,0.009485581688340548,0.037957069609876236,0.14654073204323206,0.004806051622268252,0.03569755632888401,0.11746446767288973,0.024940996823409493,0.10966465416245538,0.05295577761224011,0.0010938664187023837,0.006411631231716348,0.19757176198650514,0.12277502388850735,0.017338625672831696,0.013097730125645943,0.036126292174007896,0.13683850805062325,0.007674577379600874
0.00720084902381804,0.013247918356171298,0.033546916593793184,0.013161193371739325,0.03190775419461313,0.03453179506810013,0.00944783569260858,0.07554564440862022,0.0016813467963205904,0.008408086139641165,2.2057862271827713e-05,0.05651896679782791,0.03270019958218634,0.029357836055316486,0.10578643913695712,0.0022567792333309873,0.013795541174305745,0.03227345289742846,0.010723007516547423,0.028469152469060746,0.008174661856181467,1.0,0.0011297706281894104,0.0018871863684953873,0.06225675372067917,0.06860061034142981,0.0193923865348918,0.00995616311483818,0.012916742872780778,0.012822138010769034,0.10270057905865758,0.02110035100702877,0.03931799793677289,0.058119479903847845,0.042623074698585645,0.00848429385541148,0.012828713630832135,0.012184896300168927,0.018693613379507874,0.012009740181901133,0.10633809313560713,0.03665501274770538,0.028596050358754496,0.02234799888390937,0.005786402704010783,0.009409796769570612,0.01188287783373992,0.010794653095264985,0.027634268461040817,0.03088924293206709,0.037266580223138016,0.0567064328900437,0.2806429982449922,0.0788004824797197,0.011193589275142381,0.042882355707347816,0.027095958146108032,0.06947285609693817,0.005479316221590796,0.001155300830891963,0.15960218836892,0.0003891859252100542,0.02339106222450737,0.1657251612100631
0.22400743158401154,0.01452035843573767,0.03172266380347197,0.05461314679201742,0.015162545401674783,0.03623812649481213,0.00044199150300618974,0.03203483903494088,0.001779546637821811,0.04902576911139064,0.14864792587248946,0.04583630685604071,0.014119994296243173,0.36382890958829217,0.0024110357042502256,0.02609430606502787,0.09085509241661958,0.206102951195476,0.16677798485226292,0.006837394315374013,0.08961165214383388,0.0011297706281894104,1.0,0.01154244087925997,0.019768235286888466,0.04714300028713503,0.0028673083634715166,0.007580930172673289,0.004730866242989918,0.02985827629750183,0.06938653250538901,0.05888963385145817,0.003429314819720443,0.056927610246021366,0.044724866295958,0.003330877778478867,0.027497775531238677,0.0012383669043142791,0.06462678411849945,0.11133069483827598,0.052315577036569395,0.0073133666174610545,0.022278442704130597,0.33198138951344003,0.03418362427963777,0.0004743028352845771,0.08792820973381948,0.03023515110032563,0.09987580641895352,0.0024715480203910956,0.19762287620020363,0.2754585938474497,0.06175829537224516,0.004168893272068246,0.04622029600658462,0.02473142371873333,0.08112399671078978,0.15021089039901123,0.0401310991665177,0.00618392112281984,0.026845221173033524,0.010964596916583134,0.08311522791769024,0.007898396318931468
0.00601952878437836,0.012165213494291146,0.011463548369307788,0.0010180541514610757,0.04713473362295821,0.00140479745952386,0.00781090071283552,0.01664473707293381,0.0352158251298993,0.005093474250062166,0.0006158396935520378,0.006498185885088954,0.09957378144988917,0.03481714302669688,0.11038527328583914,0.020107040178589386,0.10099401848358387,0.021709871009156154,0.008359615039218725,0.07681524487868072,0.16671574947897488,0.0018871863684953873,0.01154244087925997,1.0,0.03468715000468369,0.11312131275450828,0.012942222589410048,0.030232045758044303,0.046782162294768316,0.008178309240933324,0.007921616382969407,0.011617581308892214,0.09714029561221492,0.02027240854800624,0.0015616108089630829,0.019591692931087794,0.10078743431402135,0.016200498625999413,0.0036834318680726095,0.007296904653375361,0.05359287796276117,0.05330675163367669,0.04798260501216237,0.08085286421091589,0.0025964428527116817,0.043247538702827514,0.021311829949973594,0.020538307170300252,0.011943590647818315,0.0015126650766082196,0.024564766754436994,0.011783837888669626,0.011200228118653066,0.01753637724132278,0.015011959361636407,0.001288361883509552,0.004407768009351748,0.1387757376847874,0.010412042999166215,0.0337760023622099,0.10154845691269675,0.04864859927920215,0.020649687697581305,0.0013964530236422854
0.04205112226803444,0.13655036099306783,0.03752072252653024,0.04746944620472823,0.1990508053507644,0.0080493471716244,0.0068969226606250475,0.21275206435557595,0.009307415354717699,0.0537856862664033,0.009065686769125817,0.018525860282327417,0.015538495432254466,0.0934839728923463,0.011089775034256618,0.04772013562427066,0.05591389198475256,0.25922136058175466,0.03702699914802158,0.009256696326445277,0.04433835521834255,0.06225675372067917,0.019768235286888466,0.03468715000468369,1.0,0.039762296868316595,0.018116578207465463,0.020554486827751173,0.0034401099309702646,0.014776773952381625,0.2816355757724105,0.01315023410818747,0.2546968859185499,0.014035025524703152,0.036709751220410924,0.025568004442631367,0.11369214227752716,0.011512686846380706,0.001064893732473631,0.011351343667360111,0.04085828247794716,0.005261684901792301,0.23506840886383223,0.08382690522107326,0.011841850393605389,0.008917633284141982,0.0007144593296975104,0.0010848338651420707,0.12248071716768244,0.04806783719112006,0.0399144100310141,0.10966504066079336,0.05827037085232513,0.11218164093894728,0.005031294692860416,0.04553924744953518,0.04485081750203157,0.15879369408253946,0.048607573714452755,0.010312898051942701,0.08681203428420431,0.0007641924930659178,0.00917692374040872,0.001643214674078076
0.12990993360599182,0.009895583419546187,0.0031552204021235417,0.14427315975265814,0.002488335941802493,0.002817543180310184,0.05805530574525502,0.13928440711237194,0.07340196451813162,0.00916843069676511,0.01838938785151162,0.13294370343419815,0.08565244984989921,0.03486269402025155,0.0028866233562971034,0.029201747067051732,0.08074814283038627,0.019733268196772787,0.00115359615348839,0.03727764632936524,0.1472460800504305,0.06860061034142981,0.04714300028713503,0.11312131275450828,0.039762296868316595,1.0,0.01891018913758397,0.025956440979181275,0.06163564449113561,0.011913521307136812,0.010728131798376624,0.039073990836377706,0.013042402253414256,0.2141166143789171,0.008598592440118765,0.006264139104421274,0.3723752432347562,0.02327254716243456,0.07786381493968446,0.014230175967518095,0.05809191293348955,0.060963851493285204,0.025140345198905935,0.16263586253529771,0.010121587269060572,0.018189069399403155,0.12406687799868782,0.018223146198484655,0.02203064156686673,0.008763391947343237,0.01609456231034676,0.04403315452136935,0.047346278203716015,0.029500394058544464,0.14590588137100663,0.00660467537744859,0.006164942001976849,0.4034144766288588,0.15309861364126648,0.012596739638635673,0.022238272817250302,0.057575588648909756,0.5193897680280296,0.0014811287281465812
0.010005283069948587,0.002895522563829636,0.0027479749990129646,0.2259815306848889,0.001328669994982702,0.05221205531822112,0.04141927287427598,0.016989261069163517,0.04934820953349383,0.06030738291341341,0.03307032446270417,0.03694995130676298,0.0005522165296065772,0.02235768917194817,0.1499130614316152,0.07348751233091369,0.01731997046082006,0.11089022109431373,0.021245166661530895,0.05070699569686822,0.012995605769760787,0.0193923865348918,0.0028673083634715166,0.012942222589410048,0.018116578207465463,0.01891018913758397,1.0,0.01836399082728589,0.04311927408012817,0.11461571834625756,0.0024183718025710637,0.04407388790163107,0.007396309557343951,0.018462549642692224,0.1941530541576432,0.0011302850691963955,0.024920252521400794,0.43510514229681135,0.027342371398725942,0.0961878634242182,0.0029000974946354506,0.026735689060510767,0.021102119738765218,0.06504181689305606,0.016458907863123404,0.06614702743974678,0.04192335581593223,0.025630157445916277,0.00385906534092139,0.020676871081369202,0.4266439043000522,0.0719974371415562,0.03884029093234524,0.0359729531485566,0.0006326695379028272,0.00292797805089316,0.07678901635665744,0.019559940531278037,0.01846564119616334,0.009866710818144135,0.0402826652775452,0.02676570066820006,0.020287248758801925,0.005345851543418072
0.05064910871681798,0.03366149290086294,0.009091279958419069,0.014719793977292282,0.11831314784090019,0.0021303229655407086,0.03475480819145887,0.004322550074653692,0.009729327679502778,0.0011636928087479308,0.10541554465991367,0.07047011418102192,0.009457973877457794,0.003328196549683502,0.0011995084039469082,0.20355787640104825,0.004266310477497006,0.008388733193752482,0.00040903074754076833,0.021835421069555383,0.007650414463551422,0.00995616311483818,0.007580930172673289,0.030232045758044303,0.020554486827751173,0.025956440979181275,0.01836399082728589,1.0,0.006515837933041476,0.0003309962288178575,0.015284483990237805,0.1760308396623968,0.011113093569551638,0.038778612109038706,0.058570305360348816,0.04866475669964129,0.1631615614588776,0.03295789918506414,0.00031424268507815073,0.04437562412896809,0.002972066758534538,0.00229543255417533,0.008409619082986985,0.000998987395919802,0.4113449737807501,0.09375453734495826,0.003062964070556137,0.02512908882858897,0.055664037912658774,0.006721747244112288,0.0016197998796657694,0.008875504955740209,0.007071745489625449,0.027674290538225888,0.017151303225003724,0.03356931764215901,0.0018083072368594733,0.012749334207990853,0.1868938644313919,0.11830666226739772,0.031304176304292664,0.04752089184641226,0.07570593170876225,0.0007669426257478488
0.001933061544716861,0.06649465167528854,0.020152270340423762,0.03639049292644348,0.0012561025069763583,0.0498119621375959,0.40419996284582893,0.017630444445076127,0.15192295929662317,0.015302911060869132,0.020998341527968655,0.28789320946367175,0.07580240541614698,0.060067197968571705,0.31398828829785963,0.001974239759637722,0.022248921112687187,0.015567089704339508,0.1812255083064202,0.1994616580723937,0.07391326198068622,0.012916742872780778,0.004730866242989918,0.046782162294768316,0.0034401099309702646,0.06163564449113561,0.04311927408012817,0.006515837933041476,1.0,0.013071463723092815,0.056319795399837974,0.06383264237964079,0.0054146470276679425,0.019802402677353406,0.03503899588687268,0.016526930181574473,0.005359573580186974,0.1305056510500911,0.053043196409181606,0.11034896027026492,0.04500072340523478,0.1898783963233225,0.08221722920512249,0.022729428657508995,0.0013891256986243623,0.42324036405837784,0.0018330591373339757,0.2027075863394823,0.09869767277033677,0.010282926194754646,0.007448739595062135,0.02331938031048836,0.09316298953697914,0.13110316873424074,0.03397314176153942,0.008117540506313603,0.009539684472851806,0.008420409468591478,0.0063425045607415085,0.0001561587249854693,0.016624117671945778,0.07055462905294882,0.03606507020350593,0.21465792875344103
0.02375831919847469,0.004443587344082978,0.009030851936531078,0.04409272003199031,0.022724778729011342,0.06345129704466651,0.13925035180033168,0.003035578352829872,0.028454855506046626,0.025553255062990263,0.018031700922341562,0.00027290567502417197,0.021599358995539646,0.0016587472656947923,0.04312617519581927,0.020206523188915946,0.012478820618190164,0.013052684895395059,0.0007206800681250733,0.017414249657466692,0.004831541122674273,0.012822138010769034,0.02985827629750183,0.008178309240933324,0.014776773952381625,0.011913521307136812,0.11461571834625756,0.0003309962288178575,0.013071463723092815,1.0,0.005382132402921137,0.0011523116765328868,0.003464480633831835,0.005458506036419188,0.011540290333096087,0.0006441204946863528,0.005289953678302961,0.03672399611197652,0.06673301703390809,0.01963476979367502,0.05387536128476484,0.10038602911743011,0.0019474643768177652,0.034684104699271516,0.01613882111595248,0.024700033751150305,0.15994703396254017,0.00045904185824672107,0.004025884773482275,0.013835222481719424,0.38983285826631225,0.03351434619593978,0.06836773011506364,0.0014522358525246213,0.04362460607409753,0.003771695713563305,0.019937181769626024,0.008268094703706987,0.021644936813498314,0.015819617529055172,0.02060196934896994,0.07094586193060289,0.019620516873854056,0.04320355274472697
