0,1,2,3,4,5,6,7,8,9,10,11,12,13,14,15
1.0,0.10845114822804437,0.049147878923519885,0.04648937483802059,0.3322578234395333,0.10380469702691304,0.08251707959444751,0.3182440857912053,0.0646248864185974,0.16507065213523353,0.0001255058717522962,1.8082313389621963e-05,0.32445031468096086,0.28017868308509847,0.06584007882692383,0.23466000795902672
0.10845114822804437,1.0,0.04657984960708485,0.4952413372334242,0.6227370728821393,0.06926772470356604,0.023927391486979668,0.511653067909077,0.7931332375615807,0.6660706790756269,0.45239676295403985,0.1468828682116427,0.2451448742382118,0.6068516520791595,0.07735059229003782,0.23969459754468628
0.049147878923519885,0.04657984960708485,1.0,0.021847863704158154,0.18439681420237541,0.008551193805770489,0.0027545920064389775,0.0502917911692355,0.0076201497859696736,4.550762526121415e-05,0.06407790859371038,0.0010984769087533071,0.0004844854907105481,0.2359431249787903,0.8503117889401289,0.08313912420495742
0.04648937483802059,0.4952413372334242,0.021847863704158154,1.0,0.19316738769097425,0.07072071193339025,0.009982656188016957,0.06425489363793609,0.4662109456204444,0.4745170170122766,0.4307551478387027,0.16945955445723923,0.024324965772051104,0.3406393786878578,0.046223605408619806,0.06602787383647543
0.3322578234395333,0.6227370728821393,0.18439681420237541,0.19316738769097425,1.0,0.054187904720339124,0.033919560785205805,0.499442452248708,0.34699006201356253,0.5185735762296206,0.19024247806073377,0.011129964660063201,0.17942800763162828,0.49220297473964475,0.2150977738335776,0.17489144223515632
0.10380469702691304,0.06926772470356604,0.008551193805770489,0.07072071193339025,0.054187904720339124,1.0,0.3377118994065857,0.15901006809800466,0.1449521974771563,0.05723428291252235,6.532250575392334e-05,0.00019198749375653204,0.24582657177875636,0.19089042449055635,0.05861688020793327,0.013874407877715135
0.08251707959444751,0.023927391486979668,0.0027545920064389775,0.009982656188016957,0.033919560785205805,0.3377118994065857,1.0,0.14661440247474802,0.04594440952069351,0.0157291512731995,4.150927933466181e-05,0.000299515242821506,0.22791304202987603,0.06645222465200777,0.012878935338430748,0.0026680388831709493
0.3182440857912053,0.511653067909077,0.0502917911692355,0.06425489363793609,0.499442452248708,0.15901006809800466,0.14661440247474802,1.0,0.38736534581866217,0.27174195488204694,0.0737907350942781,0.04877088842787388,0.5641961331096559,0.5244776287858838,0.07035227091865934,0.2097491758834029
0.0646248864185974,0.7931332375615807,0.0076201497859696736,0.4662109456204444,0.34699006201356253,0.1449521974771563,0.04594440952069351,0.38736534581866217,1.0,0.4644111381933931,0.38296068193885635,0.3170084688517776,0.23120860748835664,0.4422554592143276,0.04042550882635644,0.08948112365476679
0.16507065213523353,0.6660706790756269,4.550762526121415e-05,0.4745170170122766,0.5185735762296206,0.05723428291252235,0.0157291512731995,0.27174195488204694,0.4644111381933931,1.0,0.18541140867922334,0.021776350977336902,0.21493731757300555,0.33303252377935466,0.032128337265960115,0.17203106563700554
0.0001255058717522962,0.45239676295403985,0.06407790859371038,0.4307551478387027,0.19024247806073377,6.532250575392334e-05,4.150927933466181e-05,0.0737907350942781,0.38296068193885635,0.18541140867922334,1.0,0.14272577605448752,0.011209716870432462,0.21806842477580002,0.046620868981271914,0.02214847412543174
1.8082313389621963e-05,0.1468828682116427,0.0010984769087533071,0.16945955445723923,0.011129964660063201,0.00019198749375653204,0.000299515242821506,0.04877088842787388,0.3170084688517776,0.021776350977336902,0.14272577605448752,1.0,0.0339535658439567,0.11083317231951838,0.003371804324350999,0.012587690847402895
0.32445031468096086,0.2451448742382118,0.0004844854907105481,0.024324965772051104,0.17942800763162828,0.24582657177875636,0.22791304202987603,0.5641961331096559,0.23120860748835664,0.21493731757300555,0.011209716870432462,0.0339535658439567,1.0,0.25570796132979184,0.006268116949774098,0.1665161616969857
0.28017868308509847,0.6068516520791595,0.2359431249787903,0.3406393786878578,0.49220297473964475,0.19089042449055635,0.06645222465200777,0.5244776287858838,0.4422554592143276,0.33303252377935466,0.21806842477580002,0.11083317231951838,0.25570796132979184,1.0,0.31464922092468983,0.4587119669061498
0.06584007882692383,0.07735059229003782,0.8503117889401289,0.046223605408619806,0.2150977738335776,0.05861688020793327,0.012878935338430748,0.07035227091865934,0.04042550882635644,0.032128337265960115,0.046620868981271914,0.003371804324350999,0.006268116949774098,0.31464922092468983,1.0,0.05790328091587193
0.23466000795902672,0.23969459754468628,0.08313912420495742,0.06602787383647543,0.17489144223515632,0.013874407877715135,0.0026680388831709493,0.2097491758834029,0.08948112365476679,0.17203106563700554,0.02214847412543174,0.012587690847402895,0.1665161616969857,0.4587119669061498,0.05790328091587193,1.0
